3331598 
6041361 
7109215 
7490676 
7970779 
9638425 
10132242 
8782134 
10063222 
10086145 
8470002 
8038426 
8610415 
9587951 
8643429 
7334584 
7577180 
8398213 
8177085 
6697138 
6756069 
8056003 
6878217 
7120772 
7481254 
8364109 
7646368 
7556766 
8105430 
8176651 
8981172 
9053046 
9406681 
9477766 
8768865 
8619489 
8763034 
9157650 
8383493 
8593493 
8167049 
8060821 
7104796 
6742667 
8382410 
7735739 
8135524 
7173940 
8532347 
8533348 
9032467 
7627920 
8708831 
9147072 
7753707 
7028682 
7894271 
9885343 
8679980 
7165469 
7748931 
8732811 
8084931 
8200640 
8956264 
8493054 
6705776 
6707024 
8625284 
9398004 
7910676 
9047889 
9378697 
9203041 
9459404 
9289674 
9125717 
9270683 
8217359 
9888944 
9258982 
8122638 
9120395 
8844035 
7552513 
8837792 
8818244 
7348815 
8459598 
8175077 
7116963 
8317166 
8007017 
8488037 
7501141 
7991056 
8411602 
8740171 
7407997 
7504136 
8887567 
9360420 
8564028 
7968472 
8743379 
9359429 
7609959 
6894993 
7545899 
7469358 
8103327 
8730598 
8463898 
7330168 
8548762 
8384804 
8032929 
9499536 
8449559 
7903446 
8443831 
8533677 
7569999 
8063493 
6554356 
7482311 
7130862 
7247032 
6366026 
7388017 
7647899 
8602155 
9437291 
8295595 
8696052 
9438878 
8747512 
8942829 
10705158 
10355057 
9937490 
8884853 
8408407 
8811617 
9759670 
9916136 
8275873 
7406288 
8399715 
8647350 
7207474 
5575781 
7639515 
7527194 
5996173 
7377143 
7089921 
6268488 
6664463 
7694504 
7681096 
7497723 
5903413 
6605757 
7425474 
7818284 
7790058 
8795422 
8632555 
8015422 
8641349 
8915494 
9212066 
8947638 
7929418 
7287776 
7039989 
7537788 
6928254 
6674932 
7635913 
7430227 
6034049 
6935029 
8225278 
7760069 
8089988 
9574472 
9153366 
8552156 
8080216 
9501896 
8848990 
8466595 
8147016 
8467449 
8938726 
7323168 
8326815 
8593177 
7438573 
6767978 
7859777 
8650998 
6829285 
6581573 
7438177 
8262547 
8544897 
8409673 
7782108 
8874395 
8637033 
8149684 
8199653 
8699913 
8169823 
8640941 
8116366 
7383741 
6050343 
6101964 
7492551 
6885855 
6516693 
6650630 
7517677 
7701505 
8658305 
6993353 
7061572 
6757423 
6184687 
6868126 
7844697 
7234145 
6915132 
7588941 
8180320 
7418288 
7538531 
8629310 
8778483 
9371300 
9073573 
8922578 
8532149 
9484724 
10080463 
7815794 
6823695 
7030129 
8461145 
8231010 
8920363 
10118416 
8178709 
8817184 
8430547 
7897037 
7736611 
9247983 
9605822 
9131407 
8635193 
8480057 
8547442 
8654580 
7818659 
8464512 
8117642 
7967042 
8266466 
8877579 
8587958 
8284118 
9152066 
8371363 
9714249 
9666468 
9510444 
8082523 
9700935 
9642215 
7500603 
6700735 
8367441 
7938720 
5707287 
5989028 
9327955 
8250818 
6221775 
6230101 
8263568 
8166028 
6575775 
6874027 
7508628 
6935200 
7400537 
7432315 
7067452 
6995385 
6935207 
7273785 
8155533 
7530394 
7591779 
9059490 
7518730 
7636702 
9161812 
9481631 
7013409 
6618925 
8503580 
7935388 
7812871 
7732392 
9004536 
8955836 
8710051 
6796050 
7340023 
7546577 
8123926 
8031646 
7319724 
7031417 
6348124 
8077809 
7828238 
8336396 
8557013 
9289876 
8035872 
7732396 
7650803 
8555001 
8347391 
7973199 
8317500 
8834653 
8621679 
7634505 
9093892 
8820458 
9439058 
9249450 
8522296 
7783495 
8428675 
7866635 
6501206 
7667872 
7090876 
6737127 
6578999 
7310808 
8180815 
6996022 
7101979 
7592622 
7757108 
7306730 
7497597 
6986978 
7291622 
8129471 
8257609 
8248059 
7827484 
8078923 
8078408 
8672863 
7743994 
8066735 
7949761 
8700532 
9518088 
9350281 
7884855 
7777217 
8505412 
8593790 
8044895 
7481768 
8972649 
9225696 
9068280 
7874535 
8556313 
9764936 
8039307 
9117271 
8721322 
8756060 
9174295 
9099696 
8686935 
7458013 
9201566 
8252484 
8377455 
9001507 
8194409 
8494424 
8217036 
7990107 
8204358 
7470697 
8351853 
7825269 
7908956 
7915665 
8269451 
9111657 
8711826 
9044011 
7937427 
7206600 
7707447 
8509151 
7317832 
6766877 
7177613 
6018033 
6754396 
6394494 
6139755 
6755398 
6395327 
6342940 
7310515 
8650271 
8968879 
7462370 
7991688 
8159102 
7793868 
7422011 
7419229 
6430682 
6839923 
7694471 
8275055 
8994515 
8862484 
8501656 
8633747 
8578714 
9115097 
9202252 
9830043 
8377568 
7628642 
9065389 
8500816 
7997037 
7636027 
6588894 
6785777 
7021067 
7696549 
8213694 
8607120 
7365951 
7344119 
8479412 
9116544 
8387059 
8025636 
7192724 
8717517 
9025059 
8991713 
9163496 
8872669 
8138775 
8131773 
8369602 
8030971 
8426917 
8311198 
8738945 
8985559 
8331958 
9223286 
8470301 
9017096 
7794931 
7335760 
7995303 
9285210 
8908593 
8252361 
7598640 
8069157 
7246612 
7721686 
9019662 
8796990 
7208915 
6722824 
8365489 
7896200 
7090360 
8022132 
7843841 
8474421 
8967435 
8387793 
8601104 
8267315 
8513547 
8236520 
8344806 
8454065 
7818270 
5725391 
7617809 
9261092 
8610083 
7755204 
7723336 
8454087 
7914554 
6911280 
7016340 
6703862 
7637723 
8610583 
8266809 
7618956 
7246443 
6915125 
8816287 
9345297 
8904949 
8726164 
9438802 
7898225 
9668356 
9039146 
8361863 
7951658 
8738806 
8718634 
8787451 
7769289 
7327243 
6465444 
7702577 
8772167 
8718553 
7639168 
8386370 
7711302 
6978324 
7247554 
7976689 
8392486 
7789351 
7952767 
7612893 
7924730 
7972325 
7278342 
8036313 
8127928 
6884948 
7925564 
8585788 
9379187 
8804127 
9220428 
9210136 
8828412 
8782287 
7599986 
8509354 
7530104 
7307268 
7934446 
8063880 
8839663 
7160062 
8088506 
8941751 
7156325 
5885121 
6654054 
6635261 
6720493 
8437104 
7205993 
6016653 
7355203 
8587656 
8446086 
8287043 
8121717 
8348980 
7476006 
8435193 
7310096 
6598167 
8119403 
8906136 
7769092 
7353513 
7665330 
7979538 
7946191 
8961562 
8997204 
8234047 
8599035 
9392044 
10760848 
9094314 
8995977 
9277528 
8879329 
8348919 
9406426 
9314311 
8044417 
7915995 
8393351 
8750075 
8423024 
7635573 
9227582 
9298130 
7836015 
8260124 
8267858 
8524138 
7132330 
7702790 
9260866 
10086779 
9713021 
9742910 
8641325 
9406091 
9566910 
8666694 
9028323 
6560632 
5921451 
6116341 
6683051 
6550158 
5737110 
6820115 
7425976 
7969765 
8103916 
7048241 
8199754 
8284851 
9196078 
8123144 
8402153 
8413023 
7543692 
7637144 
6760246 
7547804 
8057905 
7315947 
6323511 
6910342 
8074767 
8300375 
8925407 
8294518 
8388805 
7748639 
7730069 
7120379 
7180213 
7323699 
6836091 
8262217 
10043136 
10083531 
8272751 
8532079 
9586320 
9273981 
9121878 
8790936 
8391661 
8907758 
9005024 
9596715 
9695620 
9933425 
9993130 
8268398 
7858398 
8783291 
8458615 
7915109 
7940811 
8073894 
8092097 
8357176 
8840208 
7968097 
9298510 
9471094 
8799190 
7872612 
7457551 
7594782 
7719534 
7923344 
7909269 
7415672 
8231351 
9275280 
9532085 
7731029 
8237784 
8392148 
8782381 
8318599 
10076705 
8687435 
8191492 
8478337 
8855154 
8364379 
7444661 
7169715 
7526169 
6983427 
7169885 
7516083 
8154259 
8336867 
8662753 
9418685 
9555640 
8202502 
9037505 
8356135 
7553947 
7530595 
7735131 
7556613 
7521944 
8994693 
9629801 
9580161 
8764551 
8373490 
8315497 
9623078 
8058197 
8389950 
9696122 
8121190 
9131417 
8677525 
9365216 
8548504 
8919658 
9493856 
9368638 
8569710 
8097173 
8176987 
9419601 
7384597 
8421140 
8951137 
8905212 
9154084 
9490688 
9468288 
8782523 
8670276 
9274338 
9681124 
8823401 
7029493 
6728058 
8282571 
6973616 
6388825 
6856458 
7074878 
7709523 
7826702 
8835239 
9164436 
8614809 
7294285 
7578192 
9076020 
7411941 
7140286 
8107575 
8698763 
7102648 
8441302 
8785016 
8392623 
8513740 
8996594 
9064872 
10391587 
9424360 
9704638 
10110591 
9012683 
9445603 
9997465 
9579455 
8146337 
9029819 
8892167 
9099221 
9305838 
9442152 
8938266 
9112550 
10424245 
9203330 
7894598 
7763056 
8099065 
7702617 
7645200 
7723933 
7303629 
7350418 
7097798 
8239568 
8803471 
9729857 
9022680 
9339523 
10072572 
9753186 
9300657 
9190945 
8835645 
7797992 
7940276 
9899160 
9635610 
9638080 
8476170 
9868806 
10383116 
9458012 
7719438 
7970566 
8800364 
8796049 
7958581 
8825695 
7742065 
7602564 
7245471 
7103339 
7278951 
8504492 
8925083 
8489745 
8269172 
9615454 
8664566 
8345416 
7934687 
8301235 
8728700 
8879378 
8863610 
6977636 
7446940 
7393139 
8294327 
9396565 
8651002 
8107193 
7526044 
8952331 
9238232 
9284816 
10428808 
9334859 
8625801 
9771879 
9892576 
9637905 
9021817 
7682779 
6834353 
7559814 
7062818 
5581390 
6914843 
7030678 
7374412 
7893763 
8016890 
8925137 
8804467 
8042305 
8829863 
9521315 
9860756 
8930624 
8613001 
6873533 
7443814 
7962445 
8535627 
8350637 
7657893 
5896691 
6671878 
8217558 
7984064 
7764600 
8074739 
8246374 
7447424 
6310030 
7610123 
8216393 
8217058 
7205815 
6731728 
8158424 
8367715 
8053269 
8010562 
8145910 
7735433 
8430269 
8158246 
8419373 
8733670 
8191326 
8058576 
8960168 
10368870 
9382336 
9380262 
9423771 
9484051 
8914438 
8302134 
9238637 
10296629 
8690415 
9060733 
8955959 
8859251 
8862129 
6874494 
6421925 
6882852 
6388335 
6917694 
7373119 
8171030 
9518366 
9584228 
9122445 
10527711 
10507418 
9240700 
9097130 
10294386 
9379817 
8636341 
8523417 
8950301 
8798013 
9240159 
8072519 
8058716 
9116797 
9739483 
8091228 
8072262 
8552072 
8905022 
8419237 
8842435 
9123315 
10096494 
9083436 
8429963 
9242622 
9183032 
8395580 
8281662 
10199859 
9797752 
7661489 
9175157 
10008959 
8571339 
7887769 
8691187 
8039937 
8274478 
7530524 
7973000 
6643781 
5051200 
5774216 
5448632 
6567326 
7596315 
8771199 
10683610 
10678668 
12227074 
11185384 
12280148 
12559321 
11879020 
11184013 
11872077 
12049037 
10988542 
11389624 
9477334 
10853251 
10497647 
11021241 
9955035 
10425744 
9994719 
9359647 
10731058 
9500595 
11627160 
10135147 
11717030 
10174602 
10970761 
10626358 
12538540 
12446193 
12723705 
11158940 
11509034 
11734751 
11573406 
10832769 
9785235 
9972295 
10108057 
10206576 
9383086 
9586727 
9256221 
9968263 
9665009 
10394747 
9596105 
10424059 
10692452 
11358027 
10797838 
10171233 
10319781 
10433137 
10871307 
11495092 
11902756 
10934458 
9534939 
9989380 
9657184 
10739138 
9822040 
9130131 
9541076 
9944046 
10211376 
10478600 
11795882 
11973613 
11336792 
12720502 
11636787 
12178679 
12547745 
11029509 
12123004 
11524377 
12470581 
11519902 
11305051 
10292851 
11202943 
10123040 
10643358 
10700338 
10434758 
11050756 
11573475 
10993359 
11558604 
10561259 
10445867 
10207896 
11501189 
10905513 
11620784 
11903426 
11457390 
11391028 
9869280 
9364931 
9676113 
9208574 
11908993 
9638342 
11158598 
10293964 
12113458 
11354913 
10907404 
11600630 
10845122 
12183665 
12483715 
11252876 
11345032 
10796546 
11084352 
10208464 
10437692 
9068300 
10242872 
8669258 
10312966 
9214026 
10871847 
9869037 
11096173 
11055027 
11809983 
12621216 
11315174 
11158613 
12201818 
12993042 
12732014 
14113994 
12223220 
12056666 
10818162 
11139970 
10759958 
10659159 
10656517 
10047900 
9477612 
9553454 
9389722 
9210301 
9559323 
8709835 
9873209 
9031571 
8403268 
9580620 
8564113 
8530352 
8712971 
8192009 
9833958 
10079562 
10054319 
10409380 
11981925 
11281275 
11465317 
11444688 
11025167 
10742737 
11167702 
10279640 
10055347 
9057634 
8375818 
8781175 
8272754 
9204120 
8942587 
10330484 
9521540 
10648112 
10226552 
11600556 
12343709 
11411894 
12258132 
10756279 
11082596 
10525687 
11248484 
10751504 
11397502 
10776741 
10256792 
10614958 
10828545 
10606694 
10126145 
8779460 
9752766 
8911360 
10991471 
9928685 
10803131 
10113524 
11109388 
10046694 
11354244 
10696728 
10918821 
10987728 
11531901 
11001836 
10957532 
9325828 
8864455 
9885204 
8641463 
8889054 
8049718 
9069268 
9268587 
9860476 
8426889 
10233630 
8818583 
9922788 
8759241 
8247266 
9479051 
9090019 
10341451 
10330136 
10283437 
10613842 
10146320 
11097460 
11343970 
12303794 
11852908 
11295861 
10405866 
10530407 
10455893 
11142376 
10838190 
11295501 
9439743 
12172175 
10618267 
12051220 
12127791 
10852939 
12265432 
10453553 
11352041 
10899087 
11619836 
12139232 
11735669 
11914034 
10281774 
10876797 
11864785 
11189582 
12137888 
10009235 
11235268 
11722503 
11528584 
11820054 
11660780 
11071624 
10528526 
12571456 
11560185 
11903880 
10441808 
10361509 
8898650 
10217276 
8870287 
9442884 
7604362 
9475835 
9753327 
10363585 
9066893 
10567453 
9804241 
10037548 
9577640 
9447740 
10537332 
9917143 
8710249 
9729067 
9104716 
10436943 
8032092 
9943838 
8869738 
10388672 
9958581 
10607573 
10223994 
10275313 
11539333 
10420316 
10388346 
11195355 
10988547 
11123119 
9505380 
10110814 
10039842 
10431945 
11044655 
9844920 
10610506 
9823149 
8805681 
9371270 
9867739 
9408508 
11103311 
9081252 
10623918 
10055672 
11234253 
10914820 
11969190 
10278079 
10662519 
10165397 
10414233 
9156166 
10925473 
10306640 
11216887 
10622112 
10784014 
12163641 
11896776 
12512718 
11262731 
10518172 
11051908 
9359274 
9901614 
7671578 
9745317 
7474950 
8889014 
9011677 
8764468 
8307756 
7580432 
8839329 
8921093 
9542887 
8850156 
9571323 
8041048 
9869113 
10191596 
11230835 
11413737 
10240257 
9830357 
9773790 
11435462 
11423106 
10495291 
10538650 
10787177 
10849609 
10981002 
9611815 
10825957 
10993159 
12325460 
10164141 
10865158 
10659759 
10986791 
11556963 
11076536 
9949781 
11445052 
11157261 
12804845 
11471681 
12679475 
10577856 
12089903 
11332274 
10260323 
11112297 
9947137 
11633782 
10796489 
10966773 
11002297 
9978434 
9893269 
10226057 
10502506 
10921895 
9391667 
10508816 
9257603 
10192409 
10607304 
10973688 
10811851 
10400850 
10916560 
10204415 
10940708 
9200789 
9177534 
8465117 
8654727 
8054707 
8043107 
8338009 
8319238 
8371354 
9969282 
10435758 
10690555 
10264415 
10089168 
9761337 
8692450 
8789752 
9512010 
9475715 
9278852 
10046818 
8863340 
9687140 
10257700 
9719207 
11334622 
10811659 
10472545 
10286259 
10758008 
10531987 
10470438 
10292302 
9699539 
9582507 
9490964 
10072578 
9708126 
8914634 
8331789 
9374642 
9825829 
11012758 
10241290 
10768221 
9654367 
11443550 
10965104 
11586453 
9779149 
11159265 
10689410 
12061583 
11172451 
11688530 
10711535 
10782633 
10348089 
10723620 
11911301 
11961122 
12626441 
11363315 
12116430 
11912482 
11541133 
11424940 
10851653 
11298295 
9721686 
10008215 
9735968 
11886934 
11317942 
11038140 
9287134 
11420619 
10437147 
10990157 
10117828 
9965999 
8326056 
8870129 
8932794 
9929679 
9709392 
10483928 
11477499 
11421488 
11704372 
11496146 
11207225 
11225231 
11907271 
10925796 
11027156 
9864961 
10462010 
10463724 
10363508 
9757786 
8776757 
8928986 
8367760 
9870666 
9366352 
9096214 
9125648 
9566148 
10831440 
11916918 
11486199 
10839665 
11308711 
12662644 
13515263 
12403326 
13289809 
10679772 
13595695 
11237706 
11245133 
10141582 
10624544 
10237975 
11077802 
9552528 
9947914 
9377784 
9027145 
9873189 
10134003 
9834745 
10701011 
10312455 
9873187 
10028228 
9900535 
11337584 
10800694 
11143967 
10363654 
9440402 
10970312 
8621795 
10724816 
9331846 
9278944 
10424270 
9688709 
11489135 
10232957 
11073590 
10621059 
9897957 
9786534 
10249570 
10278861 
8638775 
10367026 
9804087 
10001210 
10619533 
9209767 
10342451 
9438084 
10345698 
9282663 
9785077 
8669539 
9587083 
9663746 
10133874 
10608325 
11394502 
11169102 
11086026 
10213383 
10678495 
10169886 
10682369 
10613957 
10032281 
10334671 
11103063 
10530402 
10701289 
10917561 
10189204 
11390015 
9300174 
11498030 
9651602 
11558235 
10987555 
11828098 
12429522 
11573362 
12239538 
11066715 
11194886 
11128563 
12031240 
10806600 
11630858 
10255923 
10199577 
11048555 
10484912 
11435789 
10868816 
10529975 
9509171 
9009494 
9390295 
10582852 
11883516 
11081021 
12312276 
11527868 
12893744 
13146595 
12091054 
12430460 
11357709 
12065663 
12003404 
10276766 
9567595 
7965608 
8607140 
9151839 
9193982 
9510146 
9365886 
10374357 
11614091 
10462119 
11320938 
9626211 
12302531 
10821629 
11192096 
9852267 
8945960 
9323826 
8412487 
8953512 
7878449 
9692115 
7185107 
9645985 
8283323 
9543878 
9698069 
9444577 
9962884 
8930899 
9449730 
8623234 
10029780 
10047561 
9295749 
11413419 
9611840 
12024518 
11218094 
11426253 
10677932 
10809511 
11773821 
11945081 
11327376 
11948580 
11636874 
11504667 
11169724 
11600512 
11429159 
10487222 
9906964 
9404381 
11261440 
10528526 
11328056 
10833365 
10920039 
10880019 
11350715 
10828507 
10879486 
9297767 
10193905 
9131409 
10861808 
9698956 
10032930 
9754810 
10080564 
10926189 
11262670 
10567363 
11083510 
10619811 
11285238 
9470324 
11510921 
9435977 
11736835 
10243455 
11757774 
10133697 
10086916 
10166799 
9360886 
9545858 
9031076 
10360140 
10485592 
10729508 
10828230 
11349962 
11285509 
11047702 
11662150 
10058259 
11390781 
10241575 
9987617 
10155682 
10771327 
10821993 
11248273 
11180500 
12136953 
11899757 
12121601 
11511004 
11062239 
11814240 
11042892 
11384992 
11538110 
10224882 
11786235 
11066451 
12845515 
11483215 
12003329 
11019466 
12030326 
11349711 
11151600 
10464164 
11622453 
9821020 
12452520 
10365688 
11005499 
10948422 
10772091 
11786416 
10473708 
11550594 
11814394 
11624210 
10419657 
9269073 
9287867 
9481976 
9081761 
10730797 
10864283 
9911079 
10579847 
9696140 
11545813 
10072652 
10428279 
9228850 
10317277 
9788471 
10666932 
9822146 
10832162 
10633986 
10525400 
10676292 
10236254 
10790603 
12402233 
12273265 
11335984 
11891519 
11597108 
13345977 
13342576 
10962574 
12455195 
11813251 
12549189 
12327323 
11477110 
10460404 
12278803 
11026101 
13279415 
10771635 
12048638 
11042739 
11304540 
11528120 
10353119 
10395012 
10431593 
11597757 
10616404 
10292135 
10736086 
11453599 
12755740 
12150163 
12536805 
12244882 
11853310 
11061899 
10865960 
10289078 
10754759 
10936406 
11789478 
12789740 
12826829 
12272003 
13411352 
12531790 
13085959 
11871569 
11404816 
11905857 
11587903 
11200101 
10496042 
10852049 
10190994 
9857183 
10996118 
9039913 
10943423 
9952942 
11072292 
10454932 
11344139 
10961397 
11255410 
11566698 
9836696 
10757834 
9537724 
10638668 
9825669 
11340379 
9866584 
9934604 
8916725 
10140332 
10277828 
11064181 
11829041 
10355534 
11312007 
10492457 
12006679 
12459260 
11875324 
11521488 
11583647 
12124331 
11446295 
11382030 
9096845 
10147012 
8483570 
9634875 
8508759 
10464238 
8451773 
10481822 
10455905 
11245436 
11813588 
10945155 
10714222 
11389351 
10960532 
11901509 
10908394 
11465183 
9946108 
9466457 
9788903 
9633601 
9746844 
10653398 
8847968 
9875338 
9906891 
10579246 
11228892 
11689808 
10079635 
9613798 
9305602 
10302541 
8935647 
9718028 
8547093 
11320150 
10020034 
12479963 
10925917 
11546146 
10664420 
10758731 
10692071 
10098073 
10544648 
10448051 
11500399 
11133670 
11415819 
11622218 
11069732 
11122962 
11943517 
10726813 
12423178 
11114129 
11678946 
11438571 
10829798 
11805218 
10909198 
10456307 
9939730 
9739219 
8982947 
8993443 
8216047 
9958548 
9956259 
10736011 
10875906 
11325945 
12814439 
12435432 
12122638 
11390410 
11147738 
12048952 
10923248 
11068857 
11377880 
11147131 
10867896 
11747628 
9786060 
10794810 
9861963 
10102897 
9958485 
12103724 
11293849 
12185076 
11361819 
12360815 
12040254 
12517262 
11744813 
12976473 
11188740 
11173402 
10950546 
11077307 
11741814 
11128243 
12108712 
12038268 
11937138 
11562767 
11709965 
11432579 
9918749 
10682099 
9683727 
10732663 
8929640 
7912354 
6549819 
5405258 
6604466 
7383770 
8879565 
10767315 
11114662 
12615231 
11332445 
12318849 
12691237 
11399548 
11640856 
11617220 
11751724 
10312404 
11889429 
10669288 
11467717 
10291302 
10920286 
9880201 
9928020 
10384781 
9144225 
9854378 
10850381 
10180105 
9786125 
11849031 
10734607 
12901601 
11666067 
12745972 
11063924 
12228073 
11113067 
11925860 
12053743 
11103045 
11575626 
9573424 
10668048 
10228796 
9656567 
8948818 
9018345 
9094378 
9228817 
11718768 
8994855 
11342041 
9640086 
11043247 
10422691 
11362746 
11696285 
11233435 
10920007 
10917572 
12147915 
11163933 
11507530 
10464498 
10312788 
8677698 
9852479 
10364000 
9723415 
9665957 
11479236 
10329783 
12391751 
12471808 
12267640 
11564904 
13404391 
11471733 
13469799 
11527659 
11412604 
12417842 
11268118 
11217739 
12589673 
12196622 
9619439 
11786929 
10579347 
11259976 
10925752 
11118389 
10802404 
10905060 
10432646 
10040066 
11528777 
10332884 
10693159 
11882319 
11053867 
11350891 
11527527 
9876041 
11477460 
9348074 
9793632 
11270411 
10091415 
11194280 
10888551 
11056500 
10374706 
11940155 
12070899 
11110578 
13362020 
10888963 
11701118 
12552367 
10544605 
12376282 
11159260 
11125683 
10818870 
10201372 
9588107 
9017820 
9720406 
9861558 
9561842 
10450406 
9511760 
10975974 
10991872 
11153151 
11723091 
11452929 
11216241 
12322365 
13180201 
12700390 
13603293 
12634590 
12272720 
11336431 
11967420 
11082337 
11721300 
12067730 
9601236 
10004779 
8512334 
9683794 
9916706 
9002832 
8424045 
10114405 
9544990 
8988657 
9461627 
9070385 
8972023 
9280687 
10541565 
10210967 
9914041 
9390287 
11150147 
11791334 
10974920 
11020822 
10752727 
11707198 
10752805 
11099871 
10775718 
10033612 
9224812 
8980588 
9277500 
7618791 
9615684 
8376554 
10332159 
9944441 
10832881 
10989887 
11774165 
12777491 
11649721 
11787415 
12028129 
10421304 
11841565 
10935108 
11414304 
11811855 
10907803 
10846968 
10295937 
10971204 
10003795 
10124916 
8833788 
9837935 
9489406 
10525341 
10618226 
9947891 
11349785 
11502173 
10696963 
11571976 
11807519 
11170567 
11711585 
12118764 
11988265 
9806420 
10770312 
9634294 
9438623 
7950777 
9254723 
8221349 
9636380 
10262135 
9754151 
9560607 
9354496 
9647496 
9506491 
9661589 
8599234 
9213995 
9681882 
9942468 
9715530 
10444583 
10450536 
10102058 
11162378 
11746740 
12899555 
11023818 
11672682 
11026582 
11751809 
10376623 
11973633 
11799176 
10558218 
11456199 
10918229 
10319592 
11939113 
11480815 
10247513 
10964465 
11114884 
10938335 
11884531 
10936555 
11819752 
11397140 
11005937 
10684196 
11453110 
11655016 
11304224 
11377832 
11641214 
10779420 
12192238 
10962591 
12024472 
11222011 
12029337 
11180018 
12043243 
12456901 
11437177 
10243197 
11384392 
9762196 
11118232 
8487446 
9913600 
8854646 
9592123 
9788872 
10025217 
10039479 
10624080 
9680712 
10473231 
9991630 
9144999 
9868109 
10102350 
8809769 
11014112 
8191137 
10177001 
8946927 
9945343 
8116036 
10580901 
9444047 
11104487 
10652633 
10883716 
10150745 
11642430 
10722312 
11319727 
11068471 
11188151 
9543221 
9467692 
11646785 
9218932 
11039959 
8935720 
11413498 
8990509 
9869783 
8535016 
9786140 
10426707 
11030849 
9338527 
10588588 
10308175 
10695627 
12025189 
11667622 
11612843 
10935864 
10086735 
9804622 
10319466 
9909508 
10673852 
10721927 
10627318 
12383921 
12679424 
12066076 
11083763 
12116718 
10282291 
10513591 
9538531 
10304053 
8811983 
9639765 
8070562 
8920399 
8824754 
8093553 
8490937 
8462707 
9704420 
9068881 
8689863 
9503990 
9575723 
9917254 
9914777 
10890244 
9900401 
9459385 
10270868 
9650538 
10400101 
10870355 
10910443 
11617225 
10441150 
9894920 
11593199 
11326612 
11506042 
11684895 
10785364 
11598931 
10625349 
11609948 
10252021 
11877821 
11115045 
11488244 
10921208 
12074933 
12109262 
11412780 
11704793 
10863659 
10215259 
12197839 
10093435 
11572708 
12112804 
11313510 
12687290 
11556271 
12101947 
10481666 
10626771 
9605885 
10587061 
10392321 
11006311 
10405653 
10233209 
10507231 
11499745 
10200875 
10947368 
10816789 
12048970 
9944029 
10228844 
9744135 
8430135 
9590611 
8831552 
8263046 
8877770 
8008949 
8235505 
9048594 
9545324 
9394053 
8979574 
9486158 
10461444 
10175944 
9658213 
9635978 
9094416 
9092174 
10040883 
9086456 
9975789 
9952580 
9852526 
10554246 
11035733 
10389960 
10677863 
10737065 
8888389 
11534357 
11745764 
10591881 
11568545 
10128451 
9737163 
9690609 
10216036 
9387626 
8344394 
8801989 
8220170 
9346831 
10178081 
10616328 
11366093 
10048342 
11338463 
11188345 
11307842 
10094178 
10647279 
11053926 
11056674 
12441569 
11402001 
11897402 
11561494 
11820237 
11283036 
12766806 
11594922 
12382698 
11718168 
12433004 
11250709 
12623543 
11554674 
11213119 
10932890 
9979127 
10755024 
10300239 
11049796 
11598763 
11404875 
10309440 
11343024 
9209421 
11901174 
9405804 
8978339 
8933978 
8573482 
10392851 
11327601 
10232024 
11612416 
11615698 
11136609 
12024404 
11157732 
11234983 
10514786 
10351622 
10998762 
11601741 
10563885 
10611481 
10882235 
9206444 
9957816 
9464224 
9902070 
10001838 
9020851 
10126534 
9213191 
9008737 
10443139 
9880245 
11935797 
12462128 
10562425 
12497978 
12413350 
12850604 
13241968 
12533408 
11497222 
11989689 
12034891 
11643646 
11387142 
10832851 
10631383 
10078848 
10052981 
9910097 
10423252 
9140883 
10194644 
9228832 
10588738 
9738122 
10466193 
9520399 
9729283 
10263254 
10413281 
10229575 
10903920 
10508324 
10022569 
10615872 
9651953 
11097431 
9290008 
9621844 
10715540 
10551316 
10931317 
10742870 
11497662 
11140846 
10212800 
10042694 
10201623 
9991096 
9353259 
10388161 
10929554 
10115871 
10823473 
10551518 
10005801 
10693452 
10038006 
9300571 
10731385 
8461437 
9452608 
10084066 
10627641 
11175897 
11106777 
10153246 
10170817 
10943637 
11466460 
10797889 
10597578 
11367911 
11083263 
10404354 
10619584 
11046838 
10179806 
11729964 
9896832 
11562472 
10299074 
12074197 
10901715 
12453604 
12128764 
12058454 
11642101 
11341785 
11856944 
12030318 
11547225 
12202390 
12419808 
10814184 
11434696 
11016724 
10283519 
11193506 
10639830 
11479681 
10896331 
9394021 
10597978 
9070083 
11223087 
10667557 
11641572 
11793273 
12746140 
11558498 
13587591 
12768000 
12285494 
12486017 
10318539 
11550410 
10383206 
10102559 
8507390 
9518753 
8588163 
9009787 
9483807 
10137029 
9619302 
8993422 
11289086 
10564090 
10482944 
11227921 
11033051 
11498327 
10603703 
9943704 
9569559 
10653868 
8191347 
8580908 
8637780 
9625699 
7740350 
9516859 
8122820 
9633728 
9585413 
10424642 
9532274 
9771806 
10214369 
9804914 
9259927 
10731069 
10377075 
11226250 
11084599 
12131985 
11452584 
11056981 
10886806 
10191121 
11950070 
12462624 
12591685 
11496918 
11964612 
13139625 
11849044 
12242404 
12278041 
10235617 
11066476 
9920902 
10334659 
10248335 
11267049 
11197938 
9974444 
10912307 
11053029 
10285683 
11634647 
10778886 
9699455 
10022736 
10079750 
9883606 
10206980 
9862235 
11729000 
11329475 
11037548 
12206095 
11874287 
10115293 
10343557 
9576831 
10818161 
9715542 
11230079 
10889226 
10648291 
10606130 
8763781 
10747750 
9400661 
10196182 
9440825 
10812075 
10072975 
10344453 
11464227 
11376568 
11116473 
12504145 
11527657 
10456541 
11034871 
10950669 
10052064 
10385048 
11295392 
11446580 
10797745 
11820618 
11856139 
11183827 
13272206 
11559098 
12542748 
11320678 
11143831 
11051065 
12240070 
10948687 
11408234 
12052909 
11413203 
11438653 
10796107 
10986847 
11821174 
11444926 
10705737 
11470422 
10865702 
10958709 
10604142 
12254726 
10993530 
11944846 
11455997 
12645371 
10929650 
12524768 
11397370 
11488090 
11068510 
9342603 
10929702 
10320296 
9514628 
10374763 
11454542 
9134996 
10136410 
10451762 
11161731 
10208004 
11113983 
10139154 
10732389 
10518080 
10589089 
9583513 
11920912 
9977344 
10071190 
10990405 
10098892 
10868091 
11829183 
11694456 
12358875 
12630449 
12342474 
13688006 
14353676 
12948720 
12523115 
13955364 
11375236 
11635501 
12353329 
11446278 
12516479 
12550960 
14011549 
11982603 
12315835 
10854243 
12509536 
10997982 
11335494 
10921426 
10637454 
10342130 
11085605 
10967216 
12081376 
10634133 
11797228 
11527866 
11864988 
11441973 
12022974 
12172434 
11786529 
10761501 
11053338 
11402556 
12280267 
11690674 
11933126 
13102843 
13288144 
13102105 
12287993 
12069444 
11399311 
12657865 
11046627 
11129971 
9989359 
10554375 
11040037 
10807789 
9854351 
10816453 
10616592 
10469055 
11866391 
10920541 
11252775 
12827005 
9934744 
11495925 
10173468 
12253888 
9397326 
11372498 
10243140 
10944007 
9800916 
9678942 
11621931 
9377600 
11202415 
11939915 
11547372 
10425601 
11189554 
10270942 
12229483 
12268123 
12285433 
11983047 
11547938 
11753923 
12076687 
12214888 
9759692 
10197379 
8440808 
9889312 
8131846 
10640056 
9232669 
9995472 
11141725 
10185183 
11449557 
11277877 
11852431 
12657270 
11571165 
11639295 
11724522 
10224656 
10294427 
9430517 
10158029 
8961277 
10294157 
10589156 
9130268 
11757949 
9422944 
11688254 
11017397 
11151508 
9984841 
9408860 
8974933 
9368752 
8354786 
10664946 
9803459 
12332440 
10257244 
12285991 
10726144 
11570355 
10674964 
10957639 
10476987 
10426410 
10786839 
11944342 
12070992 
11211525 
12951644 
10584580 
12128124 
11759678 
11996809 
12038448 
12252447 
10347125 
12738782 
10948233 
11956240 
13292585 
10466649 
10874963 
9343453 
10363486 
9070952 
8789134 
7996684 
10697735 
10510391 
10449133 
11562663 
12708344 
11526091 
12482634 
11804167 
11712492 
11930905 
11861390 
11509692 
11885756 
11550889 
11310903 
10308834 
11869766 
10749498 
10385717 
10543161 
11711379 
11677388 
11842601 
11553978 
12119600 
12302610 
11572850 
12931273 
12605052 
11614166 
12075474 
10434061 
12270741 
12453023 
11182858 
12463921 
12151839 
11205873 
12671899 
11308772 
11237816 
12300511 
10440959 
10082233 
11088992 
10157384 
10909616 
8802535 
8782194 
6544154 
5432155 
