-475382 -473075 
-733448 -731690 
-696030 -695547 
-618583 -619403 
-660470 -661197 
-715854 -716454 
-721173 -721517 
-622161 -621464 
-650189 -648540 
-686784 -685042 
-650382 -650193 
-655902 -655074 
-566880 -565734 
-502716 -501226 
-458674 -457314 
-568398 -567225 
-704623 -704227 
-678010 -677890 
-670431 -670016 
-655806 -654549 
-589327 -588592 
-480634 -480970 
-432694 -432766 
-465010 -465183 
-595319 -594208 
-671596 -670877 
-705711 -705505 
-661655 -660069 
-532438 -531261 
-634267 -632931 
-664428 -662925 
-712066 -712198 
-489101 -489881 
-446595 -446484 
-484454 -484175 
-631839 -632370 
-654925 -655032 
-701720 -701137 
-802338 -801513 
-808861 -807732 
-773376 -773710 
-629444 -628911 
-654100 -653369 
-693763 -692190 
-750673 -750075 
-671336 -671000 
-577059 -577396 
-478348 -478189 
-458686 -457361 
-466874 -465944 
-561359 -560260 
-561807 -560774 
-539536 -538532 
-550413 -549798 
-536271 -535772 
-658882 -658239 
-690933 -690524 
-687770 -687830 
-664581 -664373 
-580644 -580965 
-596880 -597131 
-516017 -515708 
-554083 -554305 
-635513 -634116 
-651469 -650470 
-629668 -629721 
-561090 -561192 
-577135 -577592 
-542970 -543058 
-502762 -503183 
-488617 -487770 
-511518 -511524 
-521979 -521657 
-618632 -617005 
-531335 -530514 
-483404 -482643 
-434326 -433415 
-465040 -464849 
-645537 -645459 
-607824 -607113 
-752956 -752139 
-731294 -730761 
-672029 -672425 
-708532 -706924 
-668845 -667521 
-703305 -703600 
-581522 -581976 
-561067 -560792 
-665571 -664860 
-713986 -713327 
-762107 -760444 
-770100 -767844 
-812167 -810804 
-773161 -772796 
-653575 -653182 
-650565 -649350 
-607713 -608102 
-611926 -612409 
-499947 -499111 
-553558 -553362 
-590833 -589577 
-620235 -620313 
-587613 -586149 
-627504 -627834 
-636691 -636943 
-614826 -615582 
-509367 -510109 
-510705 -508945 
-511152 -509466 
-656361 -654334 
-629201 -628450 
-797494 -796686 
-824271 -823018 
-872244 -871559 
-719776 -718130 
-649665 -648248 
-670922 -669275 
-564002 -564774 
-551361 -550255 
-471501 -470160 
-721155 -720037 
-803680 -803474 
-747485 -748022 
-628567 -629215 
-506130 -505873 
-562367 -562395 
-452043 -452351 
-402105 -401842 
-474455 -473849 
-511268 -510949 
-549032 -547880 
-442371 -441771 
-585880 -585078 
-699990 -699080 
-710752 -711329 
-533368 -533510 
-463579 -462210 
-580343 -578505 
-680904 -680330 
-767853 -766217 
-659219 -658690 
-736393 -735677 
-628646 -626858 
-691715 -690359 
-671239 -669592 
-680147 -678905 
-600352 -600124 
-564021 -563489 
-632679 -632205 
-661705 -660904 
-672850 -672334 
-701480 -699713 
-620286 -619131 
-611117 -610481 
-658887 -657484 
-764745 -765052 
-689007 -689262 
-572763 -572296 
-612726 -612229 
-623478 -623037 
-528102 -526820 
-515618 -513745 
-411274 -410402 
-579814 -578295 
-490163 -488405 
-698183 -697350 
-658677 -657248 
-810782 -810144 
-780523 -779391 
-620844 -620818 
-576984 -576924 
-620580 -620123 
-719246 -719658 
-718116 -717279 
-616654 -615861 
-663412 -663191 
-708949 -708477 
-729366 -729230 
-674609 -674404 
-545469 -544060 
-555450 -554221 
-664219 -663490 
-683562 -684456 
-512110 -513969 
-254442 -254807 
-328894 -327774 
-423172 -422628 
-626077 -624873 
-596448 -596186 
-626118 -625065 
-565180 -564991 
-521561 -519717 
-546290 -544429 
-620554 -618828 
-696834 -695804 
-688830 -688466 
-613530 -614505 
-515599 -515072 
-605955 -604600 
-721280 -721470 
-684831 -685893 
-685749 -686008 
-594195 -593509 
-702065 -701417 
-570386 -570361 
-592337 -591406 
-581293 -579611 
-665310 -663827 
-684294 -682754 
-681447 -680797 
-616936 -618013 
-685714 -685388 
-678820 -678737 
-704693 -704780 
-563797 -563338 
-589658 -588826 
-673708 -673260 
-738313 -737912 
-665113 -665026 
-603976 -602966 
-568464 -566718 
-678457 -677021 
-698987 -698065 
-650292 -648739 
-529983 -528256 
-621470 -618838 
-661600 -660066 
-775760 -774381 
-602497 -602227 
-561120 -560684 
-454945 -454511 
-537178 -534839 
-606839 -604638 
-529809 -529192 
-477138 -477350 
-564563 -562736 
-749737 -748570 
-722341 -722347 
-497058 -497167 
-447409 -447614 
-444480 -443262 
-565956 -565428 
-608623 -608489 
-688714 -689094 
-624321 -624493 
-583545 -584469 
-452229 -453135 
-464336 -465040 
-479196 -479172 
-496853 -497056 
-478639 -479723 
-446229 -446423 
-483802 -484849 
-547297 -547068 
-570020 -569983 
-598795 -599000 
-653252 -653669 
-715849 -715965 
-787498 -787538 
-632176 -632036 
-588689 -588548 
-562967 -562069 
-599671 -599688 
-581322 -581110 
-505957 -506557 
-504237 -504257 
-505690 -505446 
-604851 -604055 
-689903 -688689 
-605428 -603648 
-642812 -640415 
-610704 -608775 
-549646 -549274 
-495716 -494254 
-453577 -452278 
-449658 -449226 
-408935 -408227 
-488001 -487611 
-574346 -574369 
-608287 -608446 
-490241 -488500 
-658979 -657224 
-645412 -644312 
-686588 -687162 
-584088 -584648 
-581453 -581731 
-650296 -649834 
-675846 -674691 
-648788 -647722 
-763990 -762925 
-656807 -656367 
-722369 -722235 
-568166 -568016 
-624762 -625525 
-598085 -598480 
-637151 -637093 
-614924 -614160 
-559460 -557975 
-504094 -502894 
-517746 -517181 
-712480 -711590 
-765610 -764546 
-780809 -780632 
-687358 -685731 
-702972 -702302 
-656626 -655144 
-514575 -512961 
-437523 -435828 
-428385 -428018 
-526075 -525576 
-593805 -592787 
-689842 -687666 
-628018 -626929 
-549580 -548127 
-565255 -563963 
-630464 -630071 
-660877 -660410 
-633550 -632024 
-735885 -733809 
-728932 -728285 
-672031 -671034 
-659348 -656916 
-761140 -759427 
-869807 -868487 
-733879 -732736 
-709142 -707805 
-695293 -693469 
-788517 -788440 
-791126 -790374 
-703150 -702835 
-622211 -621226 
-399799 -400492 
-404783 -404512 
-443308 -442117 
-553866 -554410 
-530753 -530529 
-426285 -425731 
-554299 -553517 
-649133 -647959 
-711125 -710334 
-662019 -660822 
-635382 -634519 
-627490 -627292 
-631504 -631055 
-540920 -541579 
-573230 -573269 
-574323 -573292 
-623060 -622624 
-593146 -591663 
-499416 -498631 
-500869 -499501 
-643324 -640665 
-821654 -820180 
-770774 -770622 
-677420 -677249 
-555194 -554239 
-722732 -721623 
-745168 -744360 
-759024 -759679 
-638767 -640079 
-643496 -643354 
-611213 -611521 
-623533 -622629 
-513076 -511860 
-607653 -606112 
-702702 -702489 
-783974 -784630 
-772779 -773388 
-654926 -654535 
-666404 -665899 
-573527 -573084 
-659482 -659332 
-528438 -528477 
-505611 -506105 
-389674 -388991 
-547338 -546717 
-701463 -700696 
-763743 -763535 
-759612 -758743 
-587062 -585507 
-475132 -474193 
-427657 -426436 
-511621 -511169 
-584641 -584393 
-650327 -650145 
-604766 -605401 
-581253 -582178 
-494569 -495291 
-587322 -587149 
-622291 -621640 
-554836 -554047 
-511378 -510486 
-508199 -506777 
-624550 -624324 
-626283 -625302 
-586337 -585156 
-566343 -565348 
-552807 -551574 
-642008 -640875 
-628558 -627601 
-622417 -620349 
-558086 -556605 
-512278 -512023 
-612637 -612513 
-618545 -618525 
-618400 -618725 
-573701 -574176 
-619187 -618999 
-755929 -755251 
-596343 -595948 
-603489 -603397 
-624097 -623098 
-763896 -764940 
-730220 -729959 
-637049 -637189 
-643471 -643268 
-605268 -605740 
-505605 -506184 
-390322 -389617 
-582871 -580492 
-693067 -691605 
-787129 -786837 
-572113 -572092 
-508195 -508684 
-525247 -524696 
-530659 -530483 
-651345 -650748 
-630172 -629749 
-703785 -702507 
-599144 -599102 
-614879 -615095 
-569755 -570128 
-580243 -579324 
-504252 -504066 
-586809 -586955 
-525121 -526789 
-574715 -575676 
-549665 -549156 
-711700 -709393 
-800045 -799216 
-771255 -769915 
-589342 -589073 
-555330 -554947 
-576343 -575380 
-681007 -681326 
-698948 -698395 
-547910 -548580 
-528287 -528245 
-427992 -427841 
-480913 -480626 
-515438 -514630 
-534803 -533756 
-597285 -597389 
-668163 -666940 
-696015 -695881 
-747910 -746753 
-616293 -615110 
-550343 -550400 
-565797 -564938 
-600792 -600439 
-609943 -609481 
-599079 -597593 
-659678 -658710 
-649137 -648710 
-601243 -599755 
-648322 -646258 
-862324 -860528 
-868070 -868135 
-689073 -689881 
-529722 -530135 
-587182 -587805 
-642134 -642606 
-668877 -670020 
-603820 -603780 
-589669 -590718 
-648033 -648032 
-630312 -630882 
-638325 -638722 
-430743 -431394 
-446300 -445938 
-506075 -505032 
-575481 -575110 
-640555 -639992 
-597867 -598382 
-581246 -582823 
-591693 -592487 
-663342 -662333 
-661949 -661297 
-604939 -604740 
-551021 -550511 
-664796 -664444 
-694969 -693734 
-638008 -637842 
-615704 -614785 
-588656 -587207 
-642290 -642024 
-709032 -708349 
-775685 -774320 
-836844 -835685 
-836737 -834778 
-766736 -765854 
-750901 -749911 
-704298 -704386 
-784784 -784107 
-719088 -719085 
-571165 -571746 
-571360 -570863 
-595306 -594106 
-693387 -692350 
-632286 -631754 
-624303 -623381 
-586647 -585696 
-658532 -657043 
-750357 -749728 
-788267 -788809 
-680626 -680731 
-546233 -546330 
-517426 -516819 
-575035 -573351 
-692212 -691440 
-695037 -694145 
-768257 -767064 
-640056 -639896 
-671429 -672479 
-557564 -558834 
-643670 -642981 
-686427 -685360 
-788458 -787441 
-681319 -680726 
-719199 -717901 
-600702 -598821 
-730286 -727976 
-644285 -642888 
-558269 -558587 
-543703 -543679 
-533053 -533009 
-749652 -749243 
-611140 -611351 
-671883 -671334 
-602330 -601348 
-619802 -618424 
-678081 -677061 
-695418 -694343 
-740508 -740836 
-688142 -687304 
-546516 -546701 
-486388 -486268 
-540287 -538993 
-600952 -600434 
-657651 -657340 
-602681 -601066 
-602337 -601453 
-626269 -625685 
-569901 -569365 
-498989 -497731 
-433894 -432791 
-488205 -486994 
-601941 -600557 
-651841 -651566 
-512012 -511745 
-544504 -544062 
-619156 -618124 
-725712 -724594 
-667530 -667632 
-603589 -603986 
-600038 -599410 
-691374 -689464 
-667077 -666824 
-716211 -715124 
-609785 -609531 
-702880 -703246 
-668717 -667964 
-741295 -740440 
-696231 -696213 
-745144 -745594 
-759760 -760498 
-717764 -717121 
-715160 -714477 
-720744 -719412 
-716208 -715524 
-657541 -657492 
-631650 -631204 
-655992 -655452 
-612383 -611255 
-613765 -612238 
-710379 -708586 
-695339 -695310 
-706504 -705678 
-595588 -594953 
-580569 -580100 
-494675 -495207 
-448916 -448388 
-563286 -562342 
-559314 -559255 
-714850 -715403 
-751199 -751008 
-713577 -713525 
-648973 -648980 
-555626 -554636 
-679803 -679639 
-607937 -609173 
-561664 -562455 
-605506 -604849 
-750251 -748675 
-788299 -788574 
-641143 -641348 
-565065 -563723 
-553841 -553750 
-610361 -609078 
-731601 -729946 
-746498 -746567 
-679928 -680524 
-613721 -613802 
-636760 -635760 
-725173 -724315 
-719618 -718728 
-749277 -749348 
-687532 -686998 
-486911 -486669 
-530200 -530331 
-561497 -561291 
-712853 -713241 
-685544 -685304 
-734961 -734182 
-744611 -743345 
-772687 -771331 
-781008 -780329 
-709316 -709055 
-661022 -660428 
-625286 -625324 
-680220 -679313 
-607805 -608050 
-549137 -547964 
-497654 -497339 
-603218 -603717 
-642041 -642430 
-604685 -604179 
-480496 -478552 
-467379 -466359 
-535954 -534919 
-543866 -544073 
-438158 -438623 
-489679 -488391 
-499981 -499347 
-612496 -612122 
-573825 -572658 
-591696 -591085 
-502464 -502620 
-493743 -493361 
-440774 -439942 
-582549 -581905 
-677972 -677324 
-799249 -799006 
-700024 -699877 
-539713 -539772 
-470647 -470460 
-486635 -486581 
-487045 -487092 
-571192 -569566 
-631333 -629747 
-704488 -704424 
-792953 -791625 
-842851 -842552 
-788811 -789603 
-723076 -722301 
-770716 -768848 
-779844 -779201 
-694396 -693922 
-598108 -597508 
-673294 -672538 
-797868 -796905 
-798479 -797034 
-802781 -802802 
-728911 -728341 
-790844 -790705 
-735922 -736185 
-735096 -732897 
-583690 -582631 
-639393 -638702 
-623308 -622160 
-656960 -656882 
-539853 -539404 
-463498 -462792 
-537282 -536128 
-564594 -564442 
-645049 -644169 
-567981 -566896 
-643427 -643309 
-608095 -608445 
-684578 -685602 
-711956 -711511 
-812923 -812953 
-679202 -679772 
-560840 -560739 
-478591 -478828 
-535637 -535057 
-609212 -609093 
-639163 -637797 
-634583 -635568 
-636149 -636461 
-447637 -448456 
-446003 -444881 
-501241 -500068 
-695458 -694876 
-828495 -828811 
-811134 -811584 
-740998 -741492 
-726394 -726422 
-720367 -720308 
-763770 -764276 
-680878 -682027 
-707969 -708732 
-676733 -676847 
-682393 -682735 
-598859 -598739 
-583228 -584150 
-548342 -548428 
-537375 -536930 
-568949 -567233 
-592105 -590932 
-596294 -595699 
-506626 -505577 
-685414 -684264 
-637454 -636764 
-702144 -702079 
-545292 -544636 
-716373 -715421 
-766860 -765801 
-763510 -762363 
-734318 -732899 
-623633 -624162 
-668946 -668914 
-521123 -521877 
-642586 -642674 
-651634 -649530 
-799185 -797946 
-648568 -648473 
-695903 -694639 
-655348 -654502 
-776469 -775069 
-740656 -739558 
-742876 -740806 
-803280 -801329 
-657996 -657201 
-540581 -540242 
-448028 -446671 
-492012 -491370 
-573413 -572552 
-638450 -637353 
-664973 -664073 
-604875 -605293 
-504467 -505303 
-433614 -433950 
-526061 -525631 
-551372 -551203 
-538067 -538156 
-584088 -583765 
-595230 -594616 
-609636 -609614 
-660450 -659609 
-755305 -754294 
-885469 -885474 
-713535 -714347 
-699222 -698968 
-722104 -720707 
-834367 -833620 
-716773 -716656 
-557223 -557746 
-355411 -354939 
-367933 -367514 
-384272 -383051 
-587421 -585874 
-577909 -577315 
-643480 -643365 
-505725 -506365 
-609158 -608493 
-584225 -584253 
-649404 -648887 
-569475 -568915 
-552448 -551213 
-501925 -500311 
-541201 -539305 
-500708 -499995 
-515532 -515662 
-604989 -604426 
-669519 -668682 
-629924 -630139 
-593841 -592273 
-555924 -554944 
-594094 -593145 
-496387 -495083 
-518408 -516530 
-574576 -574119 
-531243 -531369 
-528642 -529074 
-474595 -474104 
-543665 -542971 
-643882 -643062 
-624029 -623833 
-608380 -608130 
-570007 -570199 
-671617 -672391 
-617907 -618370 
-500876 -500866 
-370474 -370281 
-448406 -448124 
-542637 -543076 
-553233 -553511 
-465669 -466708 
-483201 -483354 
-638289 -637677 
-709943 -708879 
-652031 -650829 
-597316 -595355 
-522751 -523185 
-545225 -544772 
-419969 -420016 
-453583 -452787 
-345602 -345132 
-382183 -380749 
-435253 -435379 
-460681 -461370 
-553183 -553647 
-501485 -500193 
-455484 -454892 
-441694 -440160 
-409772 -409338 
-547297 -546604 
-487452 -486651 
-528533 -527745 
-470402 -469491 
-492079 -491090 
-554109 -553653 
-555490 -555254 
-495179 -494280 
-426750 -425805 
-434361 -433367 
-547070 -545728 
-567251 -567291 
-557522 -557900 
-594567 -594675 
-601324 -601696 
-603019 -603681 
-576564 -575788 
-555097 -555067 
-614153 -612594 
-557962 -557508 
-625050 -622903 
-660078 -658646 
-618169 -617852 
-587695 -587819 
-545497 -545214 
-569962 -568481 
-629808 -627541 
-576655 -576378 
-646792 -646375 
-571103 -570625 
-643923 -643237 
-565266 -565557 
-618567 -618350 
-556394 -556846 
-661201 -660891 
-582302 -582457 
-629734 -629457 
-540575 -539774 
-630672 -628961 
-646088 -645367 
-675909 -674533 
-550414 -549999 
-647194 -646324 
-705647 -705050 
-816936 -817167 
-611800 -611592 
-562466 -561761 
-608132 -606660 
-825224 -824040 
-857228 -856190 
-799180 -799101 
-643543 -643262 
-562607 -562000 
-528988 -528527 
-520516 -520046 
-556719 -556608 
-521340 -521149 
-608204 -607351 
-565798 -565093 
-544038 -543137 
-393610 -392752 
-351323 -350575 
-434084 -433633 
-539219 -538491 
-572311 -572149 
-647377 -645481 
-562476 -561382 
-566363 -566392 
-547104 -546638 
-648354 -648090 
-687027 -687736 
-682333 -681776 
-593543 -594324 
-666191 -665690 
-496694 -497083 
-680246 -678851 
-579806 -579180 
-559389 -559136 
-521234 -520607 
-526484 -527133 
-730626 -731275 
-616653 -616603 
-609283 -608773 
-529000 -528438 
-608048 -607631 
-634094 -634409 
-670996 -669402 
-555058 -554730 
-545320 -545283 
-442763 -442531 
-548323 -547961 
-511491 -511779 
-544816 -545593 
-465448 -466658 
-543097 -543349 
-632956 -632634 
-660978 -660968 
-673537 -673231 
-697651 -695272 
-811263 -808920 
-787553 -785296 
-737144 -736530 
-667725 -667284 
-616503 -617449 
-561006 -560110 
-500960 -500665 
-520493 -519878 
-615999 -615190 
-618881 -619080 
-644331 -645406 
-515004 -515868 
-622306 -621732 
-573587 -572939 
-645697 -645511 
-452007 -451634 
-451381 -451182 
-438819 -437641 
-519538 -519654 
-609647 -609262 
-553919 -553401 
-610927 -610360 
-517897 -517504 
-551550 -551561 
-511288 -510349 
-558874 -557728 
-585697 -584974 
-605542 -604724 
-608499 -607767 
-643641 -642257 
-710397 -709266 
-707327 -707756 
-642005 -642391 
-471451 -472859 
-543423 -542741 
-564551 -563298 
-637749 -637766 
-602734 -602868 
-560943 -561466 
-524796 -525331 
-396961 -396574 
-388250 -388587 
-494398 -493389 
-707283 -705249 
-738823 -738399 
-678200 -677676 
-518754 -518394 
-579674 -578395 
-567621 -566325 
-567132 -566455 
-441231 -440862 
-406547 -405828 
-525953 -524416 
-607940 -606137 
-673889 -672939 
-689452 -688535 
-664672 -664605 
-637387 -636802 
-517696 -517411 
-501360 -499891 
-508942 -508202 
-666883 -664827 
-690120 -689992 
-735256 -734239 
-627507 -626023 
-593772 -593792 
-651639 -651086 
-669156 -668180 
-717088 -716145 
-561288 -560320 
-523734 -521827 
-473669 -472899 
-564887 -564273 
-612358 -611878 
-645444 -644808 
-666623 -665783 
-562495 -561760 
-559147 -557681 
-565097 -563154 
-639848 -638598 
-690547 -690960 
-609226 -609593 
-506006 -505989 
-538589 -537966 
-631070 -629590 
-661641 -661483 
-570012 -569244 
-494390 -493817 
-588471 -587951 
-683014 -681792 
-737998 -737685 
-635375 -635509 
-701811 -701433 
-661379 -660803 
-674100 -673670 
-564966 -564047 
-369891 -369471 
-474558 -474303 
-733011 -730933 
-696659 -693685 
-619921 -617470 
-660521 -658873 
-715988 -714176 
-721721 -720073 
-622116 -621667 
-649072 -648447 
-686877 -684973 
-651463 -649259 
-655930 -654084 
-566151 -565870 
-502009 -500585 
-459055 -456776 
-568680 -567342 
-704049 -703071 
-679377 -676163 
-669177 -668408 
-655379 -654032 
-589007 -587880 
-481082 -479876 
-432748 -431020 
-464606 -464359 
-594893 -593522 
-672335 -670333 
-706058 -704356 
-660665 -659856 
-531860 -530966 
-633429 -631499 
-664842 -662734 
-711705 -709910 
-489813 -487512 
-445762 -445218 
-484599 -483447 
-633116 -630532 
-655021 -653760 
-702117 -700454 
-802031 -800226 
-809494 -807048 
-773185 -771390 
-629712 -626831 
-653170 -653043 
-693559 -691981 
-751228 -748779 
-671740 -669519 
-577499 -575701 
-478573 -477582 
-457830 -457704 
-466320 -465094 
-560869 -559245 
-560765 -560271 
-539907 -538006 
-549548 -549076 
-536640 -535266 
-659651 -657530 
-691054 -689468 
-687938 -685239 
-664600 -662429 
-580672 -580452 
-596302 -595325 
-516466 -514044 
-554140 -553903 
-635267 -634475 
-652382 -650628 
-629789 -627729 
-562132 -559593 
-578125 -576755 
-543084 -541927 
-502218 -501448 
-489449 -486954 
-510964 -510627 
-522288 -520897 
-618205 -616991 
-530987 -529915 
-483004 -481238 
-433942 -432883 
-466063 -463679 
-645682 -643933 
-606911 -606146 
-752767 -750814 
-732493 -729607 
-672079 -670996 
-707505 -705626 
-668107 -666129 
-704543 -702066 
-581519 -580301 
-561178 -560208 
-666733 -664517 
-713859 -712938 
-760390 -759534 
-769633 -766956 
-812396 -809796 
-772625 -771275 
-653118 -651731 
-650841 -648338 
-609082 -607453 
-611809 -610454 
-499538 -498604 
-553254 -552384 
-591728 -588661 
-618286 -619131 
-587586 -584873 
-627894 -626600 
-637416 -634966 
-615560 -613697 
-509157 -508490 
-509566 -508687 
-510796 -510444 
-656171 -653850 
-629170 -627557 
-797436 -795525 
-823781 -822249 
-872075 -870489 
-718827 -717805 
-649181 -648316 
-672043 -668864 
-564714 -563979 
-550205 -549005 
-471297 -470346 
-721340 -718626 
-803675 -801923 
-748516 -746133 
-628602 -627609 
-506362 -504439 
-562783 -561353 
-451589 -451759 
-402650 -400439 
-474618 -473488 
-511334 -511465 
-548801 -546892 
-442772 -441220 
-585115 -583884 
-699754 -697924 
-711463 -709362 
-533415 -532724 
-462114 -461963 
-580012 -577775 
-680774 -679999 
-766993 -765328 
-660279 -658116 
-734802 -733983 
-628704 -627185 
-690980 -689944 
-670919 -669771 
-679978 -678680 
-600789 -599608 
-564517 -562968 
-632291 -631136 
-661847 -659114 
-672452 -671386 
-700412 -699621 
-620565 -619185 
-610275 -609014 
-659516 -656739 
-764839 -763775 
-688332 -686527 
-572960 -570723 
-612886 -611989 
-623597 -622843 
-527570 -526323 
-514020 -513378 
-411787 -410700 
-578279 -577708 
-489729 -488668 
-696901 -695548 
-658281 -656282 
-810122 -809340 
-780674 -778302 
-620920 -619985 
-576684 -575432 
-621485 -618810 
-719683 -718532 
-717811 -716010 
-617495 -615308 
-663479 -662112 
-708707 -707012 
-729473 -727463 
-674132 -673492 
-544449 -543902 
-554826 -553135 
-664426 -661699 
-685456 -683177 
-512595 -511710 
-254560 -253490 
-327446 -327224 
-423549 -422512 
-626315 -624780 
-595949 -595541 
-626704 -623375 
-564731 -565176 
-520118 -519385 
-546190 -544336 
-619564 -618581 
-695647 -694830 
-690696 -687035 
-613652 -613148 
-514608 -513773 
-606166 -603877 
-721478 -720047 
-686375 -683873 
-685167 -683834 
-593647 -592410 
-702000 -700285 
-570828 -569885 
-591528 -590662 
-580533 -579332 
-663733 -663076 
-684172 -682365 
-681941 -679702 
-617464 -615717 
-685523 -683383 
-679845 -678843 
-704860 -703293 
-563713 -561849 
-589121 -587489 
-673419 -672111 
-738607 -736061 
-664819 -664107 
-602488 -601954 
-568478 -566446 
-678261 -676645 
-698558 -697160 
-649557 -648475 
-529575 -529018 
-620177 -618418 
-660942 -659438 
-775652 -773929 
-602268 -601482 
-562171 -559864 
-454236 -454657 
-535508 -535112 
-605296 -604390 
-530150 -528026 
-476594 -475799 
-564059 -562689 
-749021 -748468 
-722130 -720351 
-497874 -495585 
-446579 -446806 
-443674 -442672 
-566328 -564994 
-609234 -607260 
-688319 -686765 
-625112 -622933 
-584033 -582584 
-453098 -451036 
-464728 -463755 
-479708 -478282 
-497695 -495791 
-479567 -478510 
-446917 -444797 
-484044 -482986 
-548017 -546149 
-570025 -569075 
-599053 -597224 
-654081 -652073 
-716285 -715111 
-786895 -786107 
-632900 -630463 
-588885 -587744 
-561851 -560999 
-600371 -598173 
-581546 -580234 
-505964 -505360 
-504326 -501901 
-506160 -505239 
-605006 -603666 
-688927 -687721 
-605418 -604228 
-641718 -641282 
-610094 -608886 
-549610 -547957 
-494704 -493825 
-452861 -452744 
-449406 -447998 
-408174 -407149 
-488273 -486827 
-575342 -573202 
-606892 -607427 
-489880 -488462 
-657722 -657043 
-645731 -643583 
-687171 -684773 
-584589 -583310 
-582659 -581502 
-649603 -648640 
-675039 -673923 
-648612 -646891 
-763700 -762043 
-657485 -655637 
-722103 -720559 
-568346 -566565 
-625413 -623726 
-598154 -596432 
-636522 -636074 
-615046 -614401 
-558648 -558053 
-503965 -502924 
-517987 -515713 
-711931 -710054 
-765936 -764239 
-780663 -779650 
-688401 -684996 
-702397 -701719 
-655745 -654649 
-513393 -512336 
-437967 -436312 
-428368 -427538 
-526003 -523854 
-592928 -592394 
-689511 -688603 
-627106 -626710 
-548375 -546745 
-565876 -563986 
-631102 -630127 
-660609 -659838 
-632618 -631240 
-735686 -733604 
-729827 -727894 
-671955 -670497 
-658440 -657523 
-761427 -758912 
-868947 -866454 
-733759 -732684 
-708245 -707099 
-695766 -693351 
-789108 -787401 
-791693 -788998 
-702451 -701827 
-622903 -620816 
-400591 -399787 
-403110 -402656 
-443758 -441919 
-554423 -553089 
-529610 -528868 
-426766 -425149 
-553906 -552856 
-648227 -647465 
-710850 -709207 
-661352 -659869 
-635297 -633997 
-627633 -626189 
-632275 -629602 
-541249 -540245 
-573610 -571499 
-574730 -573114 
-622485 -622525 
-594020 -590884 
-498809 -498372 
-499833 -499071 
-642473 -640179 
-821685 -820347 
-771251 -769257 
-677980 -675627 
-555176 -553724 
-721699 -720888 
-746216 -742550 
-760305 -757411 
-639077 -637658 
-643969 -641348 
-611854 -611192 
-622858 -622116 
-512600 -511850 
-607139 -604164 
-703547 -700601 
-785063 -783033 
-772635 -771142 
-655020 -652942 
-666097 -665374 
-573285 -571918 
-659737 -658433 
-529178 -528021 
-505276 -504493 
-389737 -388881 
-546811 -546298 
-701835 -699087 
-765017 -762513 
-758445 -757651 
-586777 -585213 
-474311 -473541 
-427732 -425899 
-511072 -509599 
-584745 -583484 
-650226 -648420 
-605699 -602802 
-582022 -580107 
-495044 -493675 
-586739 -585254 
-621243 -620577 
-554714 -553494 
-510398 -509718 
-509276 -507003 
-624559 -623670 
-625092 -624320 
-586641 -585182 
-566495 -565442 
-551573 -551066 
-643041 -640548 
-627898 -627012 
-620588 -620344 
-557824 -556037 
-514093 -511125 
-612574 -611558 
-618960 -617359 
-618615 -616040 
-573503 -571812 
-619354 -617102 
-754737 -754291 
-596813 -595898 
-603450 -601683 
-625189 -622559 
-764110 -763241 
-730584 -727474 
-636556 -636234 
-643964 -641893 
-605709 -603745 
-505169 -504616 
-389766 -388849 
-581773 -580421 
-693708 -691726 
-786299 -784727 
-572985 -570720 
-508794 -507537 
-524512 -523957 
-531167 -529627 
-652032 -649921 
-629294 -628847 
-704173 -701801 
-599559 -597928 
-615555 -613274 
-569508 -568689 
-579593 -578371 
-504453 -502706 
-587029 -584463 
-527569 -525282 
-575003 -573871 
-548089 -548152 
-712088 -708846 
-799402 -798671 
-770457 -768223 
-590039 -588121 
-554958 -553621 
-577751 -575210 
-680898 -679803 
-698802 -696478 
-548534 -547349 
-527994 -526406 
-429182 -427889 
-480715 -480084 
-515178 -513788 
-535388 -533317 
-596635 -596173 
-668102 -665769 
-695793 -695416 
-747031 -745538 
-616552 -615716 
-550058 -549469 
-566734 -563464 
-600687 -600366 
-608773 -608262 
-598744 -595919 
-659274 -658229 
-649165 -648459 
-600976 -600038 
-647309 -646259 
-862567 -859528 
-867654 -866241 
-689475 -687157 
-531481 -528850 
-587139 -586479 
-643660 -640770 
-668849 -667317 
-604127 -601930 
-590299 -588534 
-648700 -646203 
-630166 -629507 
-639592 -637534 
-431223 -430692 
-444808 -444682 
-506374 -504475 
-574503 -573751 
-641328 -639500 
-598556 -596831 
-583037 -580475 
-592578 -590872 
-662593 -662121 
-662186 -660527 
-605283 -602323 
-551115 -549839 
-664028 -663736 
-695800 -692613 
-638601 -637804 
-615262 -614572 
-589090 -586711 
-642987 -641286 
-707785 -706289 
-775647 -772539 
-836394 -835438 
-836278 -834850 
-766148 -763878 
-750920 -747766 
-704243 -703061 
-785509 -782764 
-719004 -718032 
-572371 -570544 
-570849 -569758 
-594594 -594107 
-693638 -691410 
-633331 -631364 
-623732 -623575 
-586525 -585370 
-658314 -655239 
-750807 -748651 
-788466 -786865 
-681638 -679079 
-546023 -545483 
-516060 -515696 
-575684 -573353 
-691856 -690715 
-695645 -693398 
-767415 -766549 
-640469 -638338 
-672952 -669510 
-558041 -557177 
-643568 -643014 
-686867 -685789 
-788025 -785751 
-681730 -679453 
-718381 -717514 
-600081 -599541 
-729334 -727770 
-645029 -642532 
-558699 -556751 
-543791 -542506 
-534040 -531754 
-749771 -747366 
-612124 -610440 
-672530 -670206 
-601338 -600987 
-620142 -617887 
-677308 -675397 
-695432 -693393 
-740694 -739194 
-688213 -685571 
-546998 -546592 
-486144 -484619 
-539792 -538342 
-602066 -600407 
-657150 -655510 
-601535 -600748 
-602434 -600818 
-626724 -624230 
-568950 -569095 
-498354 -496940 
-433781 -432453 
-487406 -486615 
-602127 -599730 
-651073 -650523 
-513196 -511190 
-544490 -543308 
-617835 -617303 
-726264 -723566 
-668394 -666196 
-603974 -602588 
-599325 -598761 
-691688 -689455 
-666517 -665420 
-715840 -713376 
-609523 -608142 
-703789 -702124 
-668838 -667560 
-741233 -739952 
-696602 -693622 
-746388 -742529 
-760027 -758587 
-717523 -716183 
-715622 -714046 
-719948 -718026 
-716420 -714577 
-658143 -655838 
-631208 -629667 
-655292 -654485 
-612354 -610843 
-612050 -612011 
-710694 -708466 
-695989 -694134 
-706443 -704964 
-594191 -594012 
-582058 -579082 
-495870 -494488 
-447682 -447440 
-563076 -561110 
-560290 -557253 
-715037 -713537 
-751149 -749431 
-713831 -712155 
-648288 -647395 
-555471 -553375 
-679923 -678009 
-609132 -606583 
-562422 -560742 
-604388 -604603 
-750376 -747186 
-788876 -786715 
-640585 -639988 
-565465 -562944 
-553355 -552919 
-610167 -608391 
-731388 -729597 
-746684 -745160 
-681079 -678905 
-613569 -612187 
-636530 -635065 
-724506 -723410 
-719898 -716486 
-749274 -747393 
-686107 -685671 
-487756 -485957 
-530666 -528827 
-562003 -560212 
-713336 -711707 
-686387 -684088 
-734029 -732690 
-744754 -742452 
-772302 -770235 
-780630 -779775 
-709781 -707770 
-661580 -659812 
-624585 -623970 
-680531 -677647 
-607669 -607706 
-547746 -546608 
-498526 -496391 
-603620 -601582 
-642395 -641556 
-603854 -603960 
-480697 -479167 
-466680 -465727 
-535705 -533955 
-545128 -543635 
-437426 -436874 
-489754 -488053 
-499923 -499142 
-612707 -610826 
-573615 -572354 
-591914 -590311 
-503079 -500662 
-493440 -492737 
-440346 -439657 
-582841 -581009 
-678531 -676928 
-799314 -798138 
-699765 -698179 
-539052 -538106 
-470490 -468883 
-487718 -485944 
-487249 -487418 
-570071 -569349 
-631000 -629099 
-704546 -703202 
-792611 -790391 
-843674 -841506 
-788790 -787001 
-722483 -720906 
-770370 -768682 
-780148 -777890 
-695237 -692784 
-597989 -596523 
-673710 -671137 
-797325 -795894 
-799074 -796904 
-802562 -800765 
-729359 -726015 
-791981 -789945 
-735092 -734491 
-733350 -731386 
-584719 -583431 
-638318 -637384 
-623524 -621538 
-657338 -655678 
-538913 -537746 
-462604 -461367 
-537548 -535435 
-565028 -564187 
-644366 -643479 
-568326 -566698 
-643669 -641884 
-609567 -607544 
-684527 -683377 
-712298 -709174 
-812648 -811593 
-678915 -677732 
-560951 -559189 
-478475 -478039 
-536598 -534566 
-608187 -608706 
-639744 -636289 
-635525 -633153 
-637583 -635093 
-447236 -447281 
-445886 -443986 
-499951 -499334 
-695947 -693254 
-829316 -826817 
-811406 -809601 
-741243 -739476 
-726564 -724738 
-721039 -718467 
-764367 -761915 
-682519 -680290 
-708223 -706934 
-677163 -675646 
-682715 -680965 
-600011 -598091 
-584009 -583000 
-548514 -546429 
-536540 -536098 
-568070 -566959 
-592846 -591315 
-594198 -594154 
-507560 -504811 
-684697 -683360 
-637508 -636140 
-702485 -700739 
-545137 -543764 
-716309 -714459 
-765724 -764957 
-762916 -761367 
-734113 -731735 
-623825 -622633 
-669403 -666535 
-522933 -521645 
-641836 -641487 
-650796 -648975 
-799216 -798199 
-648363 -646856 
-695397 -693164 
-654821 -654650 
-776890 -774864 
-739483 -738836 
-741885 -740247 
-802942 -801200 
-658046 -656453 
-540435 -539190 
-447136 -445865 
-491868 -490837 
-574058 -572521 
-637600 -636928 
-665111 -663182 
-605971 -603918 
-505738 -503701 
-433795 -432390 
-525915 -524391 
-551809 -550165 
-538915 -537440 
-584060 -583053 
-594302 -592864 
-610537 -608570 
-659730 -658608 
-755677 -753398 
-885848 -883070 
-713855 -712319 
-699603 -698294 
-722166 -720828 
-833528 -831323 
-717707 -714495 
-556095 -556038 
-355824 -354221 
-367751 -367501 
-383315 -383388 
-586787 -584946 
-577966 -575814 
-644110 -642361 
-505706 -505141 
-609362 -606862 
-585212 -584083 
-649465 -648019 
-569016 -568103 
-552107 -550088 
-500949 -500467 
-539427 -538972 
-501643 -499034 
-515601 -514266 
-604554 -603455 
-669625 -667298 
-629716 -628828 
-593048 -591667 
-555113 -555036 
-594205 -592642 
-494948 -494627 
-517723 -516072 
-575107 -573431 
-532427 -530539 
-528481 -527724 
-474704 -473540 
-543085 -542477 
-643312 -642102 
-623476 -622459 
-608367 -606397 
-570700 -569065 
-672933 -670940 
-618550 -617020 
-500025 -499578 
-370416 -368942 
-449446 -448041 
-542454 -541980 
-553708 -551034 
-466161 -465364 
-483304 -482709 
-638887 -637482 
-709587 -708801 
-651131 -650632 
-597360 -594638 
-523007 -521730 
-546280 -543716 
-419312 -419522 
-454395 -452494 
-344826 -344748 
-381994 -380560 
-435640 -434136 
-462237 -459358 
-552349 -552359 
-501654 -500860 
-455029 -454372 
-442095 -440264 
-408993 -408616 
-548249 -545609 
-487212 -486585 
-528692 -527841 
-469676 -467960 
-492261 -490413 
-554431 -553046 
-554933 -553831 
-494971 -493599 
-426759 -425969 
-433614 -432688 
-547403 -545216 
-567648 -566434 
-558020 -556432 
-595343 -593362 
-601239 -600012 
-603237 -601829 
-577126 -575290 
-553834 -553880 
-614407 -611589 
-557324 -557182 
-624517 -622656 
-658743 -657821 
-618653 -616304 
-589067 -586979 
-545355 -544979 
-568846 -568445 
-628970 -627072 
-577618 -575155 
-646341 -645089 
-570637 -569678 
-644603 -641747 
-565708 -564664 
-618847 -616321 
-556775 -555224 
-661547 -659747 
-583576 -582086 
-629977 -628446 
-539971 -539107 
-631098 -628708 
-645478 -644632 
-676579 -673863 
-550792 -549793 
-646540 -645011 
-707281 -704345 
-817791 -816075 
-612042 -610755 
-562152 -560662 
-608325 -606147 
-824459 -823342 
-857571 -855090 
-799199 -797227 
-642466 -641135 
-562441 -560900 
-528713 -527995 
-520268 -518860 
-556878 -555820 
-521343 -520274 
-608320 -606528 
-565727 -564742 
-543635 -543093 
-392706 -392642 
-351645 -349884 
-433978 -432342 
-539203 -538238 
-571858 -571390 
-646337 -644727 
-562985 -561691 
-566339 -564912 
-546488 -544944 
-648925 -646548 
-687901 -686220 
-682627 -680536 
-594140 -592749 
-665966 -663512 
-496602 -496192 
-679933 -677494 
-579940 -579467 
-559440 -558287 
-521132 -519091 
-526831 -524892 
-730640 -729050 
-616689 -615770 
-608773 -608087 
-528743 -526939 
-608805 -606168 
-633295 -632971 
-671099 -669008 
-555807 -554808 
-545612 -543711 
-442997 -441473 
-548207 -547193 
-512486 -510128 
-545780 -542993 
-466307 -465101 
-543331 -541936 
-632501 -631147 
-662259 -660101 
-672274 -672282 
-696799 -695262 
-809501 -808430 
-786403 -784682 
-737313 -735033 
-668750 -665721 
-616320 -616047 
-560315 -558415 
-500986 -499990 
-519887 -518684 
-614976 -613706 
-620645 -617235 
-645392 -643450 
-515727 -514922 
-622284 -620339 
-574533 -572832 
-644961 -643916 
-452802 -451286 
-449954 -449949 
-439264 -437285 
-519871 -519124 
-608919 -607825 
-553826 -552758 
-610090 -608658 
-518795 -516467 
-550872 -550106 
-510820 -509177 
-558673 -557075 
-585201 -584119 
-606549 -604448 
-607615 -606682 
-643162 -641562 
-710712 -708898 
-707801 -705512 
-643912 -640283 
-471925 -471260 
-542854 -541181 
-564008 -563293 
-638233 -636339 
-603417 -600438 
-561348 -560573 
-524354 -523828 
-397624 -395853 
-389001 -388835 
-494672 -493321 
-707309 -705226 
-737943 -736896 
-679024 -676179 
-519087 -518317 
-578109 -578188 
-568210 -565679 
-567575 -566023 
-440925 -440396 
-406974 -405022 
-524490 -524630 
-606755 -605835 
-674518 -672035 
-689940 -687947 
-664864 -663119 
-637706 -634901 
-516069 -515609 
-501190 -499235 
-507531 -507500 
-666916 -663925 
-690461 -688837 
-734749 -733109 
-627260 -626095 
-594736 -592620 
-650851 -648785 
-669569 -668085 
-716933 -715748 
-560840 -560005 
-522679 -521136 
-473451 -472375 
-565899 -563305 
-611964 -611419 
-646726 -644669 
-667015 -665001 
-562085 -561045 
-559078 -557450 
-563609 -563019 
-640275 -637620 
-691940 -689334 
-609654 -608131 
-505832 -504659 
-537933 -536771 
-631547 -629088 
-662018 -660796 
-570354 -567866 
-493954 -492592 
-588249 -586838 
-682931 -680316 
-737177 -736351 
-636081 -634278 
-701715 -700163 
-660908 -659780 
-674470 -672626 
-564133 -563463 
-370435 -368768 
