1076348 
411852 
835156 
403368 
735336 
240408 
68852 
845040 
593572 
309232 
380940 
416752 
741048 
445956 
85792 
872508 
352772 
747040 
811636 
407652 
901544 
844592 
687624 
980476 
764400 
341124 
902300 
791952 
326984 
353416 
246120 
699272 
465920 
758800 
511924 
726460 
641368 
697144 
110096 
631092 
337512 
229572 
612052 
746984 
261660 
579488 
875280 
735896 
586712 
1015952 
410284 
735364 
279244 
408660 
770868 
395612 
248640 
477092 
423276 
475776 
406280 
405524 
928228 
698040 
429688 
930972 
141120 
986188 
702716 
741860 
785148 
1033956 
643328 
214676 
717668 
680260 
856632 
610204 
225792 
730716 
476308 
161728 
230412 
1070860 
261576 
909664 
475664 
1012620 
968520 
794108 
313908 
407260 
338716 
86240 
762944 
566580 
462952 
377832 
385588 
655872 
535108 
676956 
826252 
609280 
578676 
260484 
714448 
426468 
534156 
679700 
661500 
448056 
201068 
455784 
234696 
683368 
593208 
896700 
149632 
679700 
704032 
507248 
548296 
976304 
507220 
905520 
312032 
867916 
841260 
988232 
309120 
676760 
543788 
554092 
244384 
684180 
918792 
526400 
792372 
491596 
599452 
530572 
926156 
99008 
589624 
482692 
700420 
525084 
400120 
268884 
490196 
611660 
550004 
402528 
573160 
280336 
656992 
374724 
820120 
858228 
116452 
380128 
445564 
554064 
460908 
526148 
600068 
267848 
435064 
660184 
517776 
336812 
136836 
431004 
662872 
504308 
352072 
383712 
811132 
588616 
275548 
433440 
285936 
641228 
496776 
897848 
725760 
765576 
208824 
609056 
695884 
849324 
337400 
252308 
203588 
413420 
537096 
554792 
584024 
532168 
692804 
226324 
640416 
703248 
612864 
360724 
556388 
334040 
325276 
752416 
429100 
709240 
583072 
472976 
783888 
926856 
455056 
604996 
563584 
947212 
263536 
581644 
405748 
882000 
266840 
839916 
660100 
495992 
584780 
495656 
724080 
670012 
665224 
415436 
567252 
641788 
1112076 
183120 
937804 
383544 
710948 
460572 
775740 
958048 
366240 
384496 
163212 
870548 
707896 
953876 
733852 
165564 
526820 
860132 
133784 
729316 
663208 
264348 
607180 
689500 
846384 
452592 
362824 
999684 
793380 
550256 
441924 
537768 
786324 
677124 
81508 
414512 
434140 
631456 
129948 
656404 
458024 
496384 
588112 
177380 
515088 
391076 
683900 
644336 
355628 
456596 
538356 
325612 
761460 
607264 
918344 
633836 
648564 
534268 
447916 
1001280 
671860 
458444 
599508 
594860 
620284 
712460 
444388 
297332 
1017604 
904680 
135912 
889084 
616924 
676844 
441140 
309568 
861420 
332584 
362768 
503552 
1041432 
477176 
944608 
394996 
136780 
610232 
663348 
531440 
598696 
450576 
697480 
273672 
170016 
531440 
504532 
156744 
734244 
528220 
739564 
699048 
423556 
659456 
495376 
491092 
390880 
273476 
642348 
657048 
420252 
836332 
485072 
569072 
491876 
230160 
707756 
228228 
356664 
531440 
559496 
743736 
674352 
819308 
360920 
417452 
815584 
274176 
367332 
655704 
917056 
525616 
592732 
411376 
379288 
1001924 
262052 
958020 
802788 
759248 
82404 
564200 
421176 
149296 
918624 
913136 
913780 
828996 
615300 
754264 
551236 
616644 
732816 
901320 
461888 
702240 
144984 
495460 
273952 
851172 
374584 
513716 
545244 
980952 
872760 
113288 
863016 
379232 
437948 
274960 
577836 
272356 
454832 
566244 
758128 
827120 
884772 
289772 
527128 
453628 
468552 
649208 
769328 
138740 
749056 
345352 
572460 
724864 
577556 
892584 
702072 
348544 
450296 
497252 
883820 
359828 
470736 
1031912 
931028 
849212 
272860 
671608 
591304 
480816 
534324 
48748 
376684 
160916 
512484 
656264 
546056 
683032 
69580 
781200 
669564 
885472 
431116 
904064 
107072 
306936 
409556 
426776 
717220 
624008 
399308 
748944 
303604 
368452 
582232 
467572 
526624 
393288 
1068956 
597212 
388780 
601692 
725508 
422660 
562660 
949676 
291368 
860104 
504532 
838236 
633108 
488684 
733880 
493248 
422772 
497000 
167916 
1026396 
709744 
606088 
142184 
214424 
857388 
550760 
476168 
865928 
185220 
767312 
535360 
667688 
533904 
400204 
384692 
508648 
626528 
695744 
855400 
764428 
994896 
936964 
226744 
682248 
474796 
698656 
890736 
254492 
863240 
960232 
343560 
509460 
901320 
781396 
549864 
930580 
506492 
815472 
342580 
336280 
820036 
375060 
518364 
197988 
624540 
584192 
581952 
796068 
625268 
509600 
547064 
618240 
753032 
337848 
206024 
439320 
771680 
610708 
297584 
605752 
811132 
604352 
1007272 
315644 
362824 
502040 
531888 
1103200 
510468 
88452 
542948 
318248 
319256 
605892 
945672 
756252 
821688 
301756 
1009652 
753704 
430192 
491148 
106736 
611632 
401016 
274064 
707896 
708120 
381248 
484036 
700644 
410732 
374920 
245028 
763560 
509712 
909804 
251384 
307944 
459872 
509628 
176792 
608776 
285152 
447048 
807492 
1057140 
763084 
568792 
666848 
746620 
360724 
560140 
386736 
245336 
863772 
411796 
668640 
637980 
627368 
587916 
712516 
637224 
527380 
762776 
505708 
761264 
966896 
438312 
972076 
719320 
625856 
829360 
469728 
718032 
98392 
924532 
262920 
575372 
897876 
572180 
937216 
214816 
811412 
85260 
396228 
538804 
787108 
480088 
567000 
271992 
1011976 
246120 
594328 
696024 
262164 
733152 
482328 
799036 
754012 
915292 
568792 
272860 
950404 
704508 
535724 
965692 
361200 
319452 
694624 
438480 
615440 
68824 
504280 
879032 
241640 
328720 
289492 
593404 
289016 
431564 
511952 
811776 
857948 
395836 
576296 
669396 
774340 
485604 
521584 
186564 
797832 
216664 
942312 
49868 
340200 
883764 
673428 
471380 
497868 
803684 
460096 
556780 
815556 
850808 
764596 
528948 
420728 
208432 
302372 
687288 
593012 
570500 
916664 
697704 
639436 
586880 
479220 
534044 
633724 
521948 
321328 
533288 
51800 
703332 
523040 
527492 
862708 
739676 
645932 
249872 
809508 
164892 
290780 
777868 
360612 
741020 
475328 
1049748 
414736 
285348 
305788 
438648 
941136 
309932 
505960 
610596 
384216 
392168 
886732 
812420 
562156 
429492 
183176 
284928 
609868 
459620 
432992 
644560 
835632 
636132 
992012 
651784 
628348 
548380 
457436 
648704 
230076 
525784 
362796 
629692 
750456 
617064 
432824 
725676 
1054872 
732676 
512736 
314580 
579488 
697844 
236656 
858956 
647164 
342524 
879452 
791140 
505232 
231280 
696388 
703416 
1026816 
703108 
738724 
781620 
114324 
86800 
400568 
618268 
390824 
307132 
900480 
516460 
373072 
557508 
601636 
484596 
613144 
123340 
312256 
495404 
464212 
151452 
444612 
416724 
203308 
558628 
583576 
746116 
592508 
626668 
591052 
525812 
494536 
327796 
520436 
579152 
803376 
749056 
392308 
1053136 
516180 
328048 
138376 
596456 
689948 
934332 
623952 
190904 
399756 
444080 
607544 
376516 
593124 
368592 
982912 
841176 
425796 
470876 
567420 
508676 
676648 
526260 
571312 
450632 
748524 
936572 
625968 
309680 
512596 
579068 
769468 
439740 
771736 
1085644 
839692 
119112 
501340 
356832 
692580 
806456 
249256 
515340 
783636 
556556 
382508 
713076 
751744 
890568 
793604 
685468 
551572 
587048 
704396 
495236 
440244 
389200 
239820 
344204 
509992 
720664 
615244 
817712 
916664 
464744 
837284 
205660 
615664 
815920 
634284 
453852 
180572 
553812 
862036 
898436 
764260 
312956 
774396 
390208 
371588 
857108 
554848 
808920 
612192 
326956 
1001616 
445256 
645876 
816368 
437892 
573328 
557508 
563948 
624568 
841008 
481068 
396256 
384216 
397516 
379904 
805812 
979720 
749728 
537488 
580888 
614040 
618436 
848736 
539784 
825356 
598360 
29484 
625492 
211680 
652512 
742980 
706412 
1060416 
142128 
801696 
211456 
406476 
264292 
628068 
278236 
584780 
571704 
757932 
777840 
1044148 
35980 
820736 
846608 
954744 
114324 
674352 
708064 
621544 
501508 
278572 
772436 
559776 
693028 
853300 
620928 
472696 
38472 
644112 
678496 
517972 
726880 
840812 
484568 
679140 
172788 
160888 
464212 
699132 
1046752 
833784 
837424 
374052 
803068 
920248 
468748 
793492 
531720 
476504 
361648 
627676 
187348 
176036 
603316 
774872 
450408 
297024 
499464 
339780 
435904 
97132 
742448 
183344 
440244 
601244 
296044 
356132 
448224 
664860 
710024 
488432 
162176 
418656 
893760 
221816 
882392 
657860 
662340 
290948 
959392 
724472 
673148 
645400 
139972 
785512 
857612 
654052 
612668 
744759 
401091 
577923 
275444 
600463 
214989 
42091 
538520 
305501 
190806 
199795 
253516 
477334 
365223 
37361 
658814 
225276 
504620 
548788 
206816 
594252 
578686 
589792 
706658 
507300 
232292 
606325 
579741 
324372 
174653 
186735 
576451 
250660 
572950 
412092 
400855 
477044 
384577 
56293 
543686 
240671 
132601 
435466 
593447 
169955 
549104 
629290 
401618 
431146 
698791 
358247 
508612 
146227 
322005 
623944 
361246 
155295 
268136 
338258 
296783 
292665 
280592 
629874 
443395 
316029 
622626 
124210 
672079 
379153 
451180 
483734 
707773 
429399 
111408 
513919 
363730 
557081 
362382 
135486 
506303 
417489 
123474 
216996 
746605 
160883 
585712 
335287 
737410 
648785 
565914 
227764 
259355 
332753 
73095 
463902 
255590 
385516 
357481 
322279 
361026 
518789 
569823 
552391 
287890 
277983 
175772 
501384 
208619 
321098 
398125 
393275 
364323 
166069 
370372 
154693 
572894 
392689 
627700 
94756 
505650 
407431 
242309 
254318 
679857 
498610 
606210 
259181 
567678 
648930 
665131 
216660 
441130 
450554 
443861 
207972 
515115 
629111 
387925 
631426 
379818 
542066 
294551 
652773 
54214 
258617 
411211 
434785 
252122 
291510 
140547 
310843 
488005 
375532 
304899 
302105 
257838 
463011 
331742 
598535 
590299 
103916 
181674 
335537 
396562 
417764 
291134 
399869 
262684 
238837 
402947 
506483 
278921 
85313 
319007 
471876 
405489 
193951 
201896 
500681 
314203 
259384 
379695 
179538 
417649 
306758 
587234 
451755 
615333 
118217 
333273 
387647 
653317 
285500 
203564 
90354 
184610 
474168 
386636 
374867 
353069 
554682 
173967 
513378 
461909 
371362 
236542 
299679 
200920 
291708 
579228 
416975 
558770 
537701 
335933 
625954 
684098 
203198 
495668 
336822 
624521 
163838 
301252 
184609 
551775 
166470 
535403 
514050 
380211 
462840 
489398 
529640 
465021 
542467 
402338 
334491 
408554 
776758 
87235 
702682 
297602 
585109 
229676 
549245 
631009 
263020 
254943 
87671 
662184 
483193 
705408 
452841 
88687 
268835 
644131 
71947 
589128 
470214 
144009 
529140 
444525 
576147 
240686 
222992 
681222 
556865 
484973 
366192 
344344 
522192 
581642 
68039 
201346 
347770 
469148 
75109 
348907 
239117 
460497 
512771 
125115 
481829 
187608 
472225 
512963 
255424 
293618 
237073 
315346 
468080 
430687 
643977 
359338 
495212 
269944 
361853 
682815 
493830 
392002 
301439 
419305 
533897 
571305 
227504 
227531 
700107 
648315 
112021 
633747 
354442 
500802 
376395 
163844 
625110 
151197 
267544 
462991 
730881 
334133 
646889 
288393 
79265 
333781 
460034 
261795 
397168 
364508 
414540 
126351 
88803 
261795 
486606 
116502 
558427 
394735 
481512 
451059 
260973 
374923 
307358 
451886 
185415 
193733 
437409 
374184 
252016 
572106 
478501 
442501 
239283 
107555 
436448 
145574 
171237 
356670 
451918 
445063 
484666 
631014 
257710 
278516 
507122 
231383 
298731 
576907 
688298 
423428 
543681 
273783 
192154 
695442 
142716 
640635 
630504 
494834 
44632 
416000 
383433 
115393 
655242 
669738 
631765 
589418 
501625 
437262 
344138 
457027 
492753 
652285 
308554 
523820 
79797 
404980 
213516 
631526 
196447 
302028 
424377 
675841 
559530 
72129 
544478 
344231 
322609 
227505 
339063 
199273 
400381 
295202 
456099 
576560 
655076 
182701 
289449 
226074 
402091 
457239 
546174 
82220 
551573 
163941 
308730 
513112 
340448 
651222 
379176 
211402 
372218 
370816 
628160 
165074 
283763 
727371 
666624 
527371 
222080 
580464 
509632 
328778 
269667 
34009 
233497 
111678 
447272 
409687 
328648 
397456 
38490 
462150 
581087 
585201 
255203 
594437 
71251 
278063 
317573 
197608 
509810 
379489 
286039 
419302 
247107 
293191 
446981 
384801 
418442 
205129 
749698 
420321 
331790 
524661 
430864 
208480 
331905 
650283 
196944 
660082 
265231 
632263 
445164 
476447 
550740 
488659 
328101 
476425 
133978 
700893 
587902 
537704 
74672 
96842 
562829 
292730 
377069 
637599 
105310 
530846 
242405 
492329 
331832 
249982 
339361 
323934 
303774 
372527 
544200 
447074 
682768 
618287 
181377 
451934 
254193 
573173 
666688 
192761 
631920 
683456 
191780 
342055 
652285 
565543 
360412 
681490 
261861 
501351 
275690 
310015 
652713 
361705 
361262 
181304 
506520 
386686 
498966 
556219 
433344 
274950 
424862 
401695 
468656 
308584 
157367 
281035 
458640 
290314 
134572 
488766 
500681 
514666 
672151 
257127 
349492 
464145 
411379 
773225 
330744 
84291 
467359 
260059 
217123 
352086 
679576 
493841 
559154 
268898 
682516 
509607 
351486 
255534 
47613 
522931 
179553 
225612 
426268 
412510 
372209 
259088 
528552 
406631 
232735 
125724 
448205 
502096 
594507 
198647 
247777 
204676 
423449 
118536 
340983 
221366 
362984 
474411 
757545 
542272 
304736 
572384 
611060 
325092 
432920 
307113 
133688 
651426 
363418 
361120 
471665 
331244 
282878 
495128 
446942 
253415 
433108 
499764 
554437 
650493 
216446 
640683 
540535 
351373 
495905 
263449 
433056 
57261 
629181 
147910 
338601 
672483 
531490 
670803 
196103 
537246 
68455 
231699 
392982 
625839 
307079 
478050 
235861 
731108 
155110 
526299 
478667 
135837 
529041 
239074 
522563 
580821 
624286 
260461 
127205 
653007 
534739 
250092 
691236 
199400 
225641 
485592 
247240 
497770 
32742 
320240 
598081 
196245 
157660 
215711 
489757 
195928 
278287 
238016 
589208 
528434 
379113 
520618 
569268 
480270 
213382 
234647 
168237 
632881 
123712 
607646 
41119 
151475 
634762 
492399 
359640 
424694 
575472 
336393 
392615 
491448 
617514 
541118 
315234 
202224 
145456 
278501 
591454 
301946 
286800 
614337 
476682 
508738 
398690 
460010 
441827 
366217 
520634 
257474 
258979 
28400 
483631 
309670 
252861 
656689 
537883 
571481 
155526 
647864 
161586 
165065 
608294 
211796 
449010 
229424 
718209 
257163 
261509 
248954 
341284 
689363 
158881 
501680 
284543 
363853 
179044 
588456 
595510 
530473 
206311 
93283 
171874 
300794 
291310 
350286 
543480 
648306 
360631 
706521 
570997 
487684 
345615 
219888 
339557 
180708 
245497 
163043 
335561 
607898 
394862 
325817 
461658 
721326 
597808 
284738 
275040 
485854 
377952 
227223 
593023 
521112 
326567 
605491 
593245 
347156 
171590 
448404 
448428 
739928 
434139 
542592 
513835 
51192 
51350 
181769 
531219 
242617 
172731 
688065 
351705 
273501 
300464 
455363 
249993 
281427 
120445 
182173 
379957 
306546 
114216 
289646 
320067 
142339 
440399 
364433 
588253 
361364 
356844 
507716 
438271 
324163 
165393 
395288 
443241 
643408 
602173 
352289 
748888 
258215 
211584 
74533 
509448 
398034 
606006 
360791 
93007 
385023 
295440 
562127 
171078 
301392 
339936 
716746 
633533 
420668 
292558 
504435 
428158 
580834 
277930 
336546 
307306 
449842 
639201 
388769 
239190 
383468 
503744 
567619 
395970 
445713 
755702 
599761 
100246 
318970 
296906 
359715 
495348 
190198 
490070 
516513 
469623 
217339 
460733 
601527 
585294 
536782 
527719 
304526 
505384 
579568 
273263 
260652 
193725 
195760 
172782 
431136 
394737 
463952 
483946 
626987 
433577 
605347 
156005 
509312 
530760 
369772 
383091 
109326 
451571 
603088 
638088 
549105 
308373 
549568 
264639 
258704 
545239 
525509 
565385 
545461 
220148 
674828 
422448 
552783 
509569 
265961 
522649 
502864 
388784 
566469 
583764 
381294 
171473 
275303 
370803 
233382 
520671 
662960 
586199 
459579 
485254 
314945 
486113 
583488 
309072 
544173 
556955 
15447 
368986 
135715 
434571 
597440 
398821 
725528 
93924 
632743 
174773 
345458 
156936 
400519 
195488 
317365 
302982 
434931 
605270 
733259 
27590 
513263 
587689 
622052 
108117 
554241 
545612 
379027 
482589 
212801 
584563 
292408 
521949 
532450 
438999 
330993 
37401 
412871 
565368 
280976 
541090 
613196 
379794 
565345 
78254 
108654 
426721 
536031 
729866 
613172 
601492 
297116 
477319 
666184 
252484 
562636 
355285 
451307 
336334 
566908 
132734 
81163 
415428 
525076 
390639 
276492 
337737 
175690 
253657 
79306 
546309 
92452 
285952 
381402 
221252 
271906 
420417 
541105 
491642 
253156 
76983 
275723 
664380 
205753 
638386 
512480 
515620 
132609 
693936 
546676 
576009 
368550 
126726 
478771 
580696 
423791 
438744 
