-11316444 
-12932949 
-14549858 
-16166767 
-17783575 
-19400585 
-21017292 
-21017393 
-21017595 
-21017898 
-21018302 
-21018504 
-21018605 
-21018403 
-21018706 
-21018605 
-21018302 
-21018504 
-21018302 
-21018302 
-21018201 
-21017999 
-21018403 
-21018504 
-21018908 
-21019413 
-21019817 
-21019716 
-21019615 
-21019716 
-21020019 
-21019918 
-21020120 
-21020120 
-21020322 
-21019817 
-21020019 
-21019716 
-21019211 
-21019110 
-21019413 
-21019514 
-21019413 
-21019009 
-21019110 
-21019009 
-21019110 
-21019211 
-21019514 
-21019615 
-21019918 
-21019716 
-21019716 
-21019413 
-21019716 
-21020322 
-21020423 
-21020019 
-21020423 
-21020322 
-21020322 
-21020221 
-21019716 
-21019211 
-21019312 
-21019514 
-21019615 
-21019211 
-21018504 
-21018302 
-21018504 
-21018302 
-21018302 
-21017999 
-21017595 
-21017696 
-21017898 
-21017898 
-21017494 
-21017494 
-21017696 
-21017898 
-21017797 
-21018302 
-21017999 
-21017999 
-21017898 
-21017898 
-21018100 
-21017999 
-21018100 
-21018302 
-21018302 
-21018302 
-21018201 
-21018201 
-21017999 
-21018100 
-21017999 
-21018100 
-21017898 
-21017898 
-21017999 
-21017797 
-21017797 
-21018201 
-21018100 
-21018403 
-21018605 
-21018504 
-21018100 
-21018302 
-21018605 
-21019009 
-21019009 
-21019009 
-21019110 
-21019110 
-21018908 
-21018807 
-21018706 
-21018302 
-21018504 
-21018504 
-21018100 
-21017999 
-21018100 
-21018403 
-21018504 
-21018807 
-21018807 
-21018403 
-21018504 
-21018302 
-21018504 
-21018302 
-21018504 
-21019211 
-21019211 
-21018908 
-21018807 
-21018605 
-21018504 
-21018605 
-21018807 
-21018605 
-21018706 
-21018908 
-21019009 
-21019413 
-21019009 
-21019009 
-21018807 
-21018605 
-21018807 
-21018807 
-21018706 
-21018605 
-21018706 
-21018605 
-21018403 
-21018201 
-21018100 
-21017696 
-21017595 
-21017898 
-21017494 
-21017292 
-21017090 
-21017191 
-21017595 
-21017393 
-21017393 
-21017595 
-21017393 
-21017393 
-21017999 
-21018201 
-21018302 
-21018706 
-21018908 
-21019110 
-21019615 
-21019211 
-21019716 
-21019716 
-21019716 
-21020322 
-21020423 
-21020120 
-21019817 
-21019918 
-21019716 
-21019615 
-21019413 
-21019211 
-21019514 
-21019110 
-21019211 
-21019211 
-21018908 
-21018706 
-21018706 
-21018706 
-21018807 
-21019009 
-21019211 
-21019514 
-21019110 
-21019009 
-21019413 
-21019615 
-21019312 
-21019312 
-21018908 
-21019211 
-21019110 
-21019110 
-21018706 
-21018302 
-21017898 
-21017696 
-21017595 
-21017595 
-21017292 
-21017494 
-21017595 
-21018201 
-21017797 
-21017797 
-21017292 
-21017696 
-21018201 
-21018403 
-21018605 
-21018605 
-21018201 
-21018302 
-21018302 
-21018302 
-21018302 
-21018302 
-21018403 
-21018504 
-21018403 
-21018201 
-21018302 
-21018403 
-21018605 
-21018908 
-21019009 
-21018908 
-21018302 
-21018100 
-21018504 
-21018605 
-21018908 
-21018807 
-21018504 
-21018302 
-21018100 
-21017797 
-21017797 
-21018100 
-21018504 
-21019211 
-21019110 
-21019211 
-21019211 
-21018908 
-21018908 
-21018706 
-21018807 
-21018908 
-21019009 
-21019009 
-21018908 
-21018908 
-21018807 
-21019110 
-21018605 
-21019009 
-21019110 
-21019413 
-21019716 
-21019413 
-21019413 
-21019413 
-21019110 
-21018908 
-21018504 
-21018302 
-21017898 
-21017999 
-21017393 
-21017494 
-21017090 
-21016787 
-21017292 
-21017494 
-21017797 
-21018302 
-21017797 
-21017595 
-21017494 
-21017797 
-21017898 
-21018201 
-21017898 
-21018201 
-21018605 
-21018403 
-21018201 
-21018201 
-21017999 
-21018403 
-21018706 
-21019211 
-21019211 
-21019312 
-21018807 
-21019211 
-21018605 
-21018605 
-21018807 
-21018706 
-21018403 
-21017999 
-21018504 
-21018504 
-21018302 
-21017999 
-21017797 
-21018302 
-21018201 
-21018504 
-21018908 
-21018908 
-21018807 
-21019009 
-21019312 
-21018807 
-21018605 
-21018605 
-21018605 
-21018605 
-21018504 
-21018302 
-21018403 
-21018100 
-21017999 
-21018403 
-21018201 
-21018302 
-21018504 
-21018807 
-21018403 
-21018706 
-21018504 
-21018302 
-21018403 
-21018403 
-21018403 
-21018504 
-21018100 
-21017797 
-21017797 
-21017898 
-21017595 
-21017797 
-21018100 
-21018504 
-21018605 
-21018706 
-21018605 
-21018807 
-21018403 
-21019009 
-21019211 
-21019110 
-21018605 
-21018706 
-21019110 
-21018908 
-21018504 
-21018302 
-21018201 
-21018302 
-21017898 
-21018403 
-21018100 
-21018201 
-21018302 
-21018605 
-21018706 
-21018302 
-21017999 
-21018504 
-21018605 
-21018908 
-21019211 
-21019211 
-21019009 
-21019110 
-21019110 
-21019110 
-21018908 
-21019110 
-21019514 
-21019615 
-21019615 
-21020019 
-21019817 
-21019817 
-21020322 
-21020019 
-21019918 
-21020019 
-21020221 
-21020625 
-21020524 
-21020120 
-21020221 
-21019918 
-21019413 
-21019514 
-21019110 
-21019009 
-21018908 
-21019009 
-21019110 
-21018504 
-21018605 
-21018302 
-21018706 
-21018706 
-21018403 
-21018201 
-21017898 
-21017999 
-21017898 
-21018201 
-21018302 
-21018100 
-21018706 
-21018100 
-21018605 
-21018302 
-21018504 
-21018908 
-21019514 
-21019413 
-21019413 
-21019615 
-21019918 
-21019918 
-21020322 
-21019716 
-21019918 
-21019615 
-21019716 
-21019514 
-21019817 
-21019716 
-21020423 
-21020423 
-21020120 
-21020019 
-21019716 
-21019413 
-21019817 
-21020322 
-21020322 
-21020423 
-21020322 
-21019716 
-21019716 
-21019312 
-21019211 
-21019009 
-21019211 
-21019009 
-21019009 
-21018908 
-21018403 
-21018100 
-21017696 
-21017494 
-21017797 
-21017797 
-21017797 
-21017898 
-21017898 
-21017696 
-21017797 
-21017696 
-21017696 
-21018100 
-21018201 
-21018504 
-21018706 
-21018605 
-21018706 
-21018403 
-21018403 
-21018302 
-21018201 
-21018403 
-21018403 
-21018504 
-21017898 
-21018403 
-21018302 
-21018302 
-21018605 
-21018302 
-21018706 
-21019009 
-21019110 
-21018807 
-21018807 
-21018807 
-21019009 
-21019514 
-21018908 
-21018605 
-21018302 
-21018100 
-21017898 
-21017393 
-21017393 
-21017191 
-21017494 
-21017090 
-21017191 
-21016787 
-21016989 
-21016989 
-21017494 
-21017797 
-21017696 
-21017999 
-21018605 
-21018201 
-21018504 
-21018706 
-21018807 
-21018807 
-21018807 
-21018605 
-21018605 
-21017999 
-21018100 
-21018302 
-21017999 
-21017797 
-21018100 
-21018201 
-21018100 
-21018100 
-21017595 
-21017898 
-21017797 
-21018201 
-21018706 
-21018100 
-21017898 
-21018201 
-21017898 
-21017797 
-21017999 
-21017797 
-21018100 
-21018403 
-21018504 
-21018302 
-21018403 
-21018302 
-21018807 
-21018605 
-21019009 
-21019211 
-21019211 
-21019110 
-21019110 
-21019312 
-21019615 
-21019514 
-21019716 
-21019312 
-21019312 
-21019514 
-21019918 
-21019817 
-21020019 
-21019817 
-21019615 
-21019211 
-21019009 
-21018807 
-21018605 
-21018302 
-21018807 
-21018403 
-21017696 
-21017797 
-21017797 
-21017494 
-21017696 
-21017898 
-21018706 
-21018807 
-21018807 
-21018706 
-21019009 
-21018504 
-21018807 
-21019615 
-21019716 
-21019312 
-21019312 
-21019211 
-21019009 
-21018706 
-21018504 
-21018403 
-21018504 
-21018201 
-21018403 
-21018201 
-21017898 
-21017999 
-21018302 
-21018302 
-21018302 
-21018201 
-21018302 
-21018403 
-21018403 
-21018403 
-21018403 
-21018100 
-21018504 
-21018504 
-21017999 
-21017494 
-21017696 
-21017797 
-21017595 
-21017292 
-21017090 
-21016888 
-21016888 
-21017292 
-21017696 
-21017898 
-21017696 
-21018100 
-21018504 
-21018201 
-21018302 
-21018706 
-21019009 
-21019009 
-21019413 
-21019514 
-21019009 
-21018403 
-21018201 
-21018201 
-21017595 
-21017797 
-21018201 
-21017999 
-21017494 
-21017191 
-21017191 
-21016989 
-21016787 
-21017494 
-21017898 
-21017393 
-21017393 
-21017595 
-21017393 
-21017191 
-21017494 
-21017696 
-21017696 
-21017595 
-21017797 
-21017898 
-21017191 
-21017595 
-21018201 
-21018605 
-21018504 
-21018504 
-21018403 
-21018100 
-21018403 
-21018403 
-21018807 
-21018706 
-21018403 
-21019009 
-21018504 
-21018403 
-21018100 
-21018403 
-21018100 
-21018302 
-21018403 
-21017898 
-21018100 
-21018201 
-21018403 
-21018807 
-21018807 
-21019009 
-21019110 
-21019312 
-21019110 
-21019211 
-21019110 
-21019110 
-21019514 
-21019615 
-21019009 
-21018706 
-21018504 
-21018201 
-21018302 
-21017999 
-21017999 
-21018302 
-21018504 
-21018706 
-21018302 
-21017999 
-21017696 
-21018302 
-21018100 
-21018504 
-21018403 
-21018403 
-21018504 
-21018403 
-21017999 
-21018403 
-21018403 
-21019211 
-21019514 
-21019413 
-21019312 
-21019413 
-21018908 
-21018908 
-21018807 
-21019110 
-21019110 
-21019615 
-21019312 
-21019110 
-21018504 
-21018302 
-21018201 
-21017696 
-21017696 
-21018201 
-21017999 
-21017999 
-21017595 
-21017494 
-21017494 
-21017494 
-21017393 
-21017393 
-21017696 
-21017999 
-21018302 
-21019009 
-21018605 
-21018807 
-21018605 
-21018807 
-21018908 
-21018605 
-21018504 
-21018403 
-21018605 
-21018201 
-21018201 
-21018302 
-21017898 
-21018100 
-21018302 
-21018706 
-21018403 
-21018908 
-21019110 
-21018908 
-21019312 
-21019615 
-21020221 
-21020423 
-21020322 
-21020221 
-21020322 
-21020221 
-21019918 
-21019817 
-21019413 
-21018706 
-21019009 
-21019211 
-21018908 
-21018605 
-21018302 
-21018302 
-21018201 
-21018201 
-21018403 
-21018403 
-21018807 
-21019009 
-21019918 
-21019716 
-21019514 
-21019615 
-21019615 
-21020019 
-21019817 
-21020120 
-21019817 
-21019918 
-21019817 
-21019514 
-21019009 
-21018100 
-21018504 
-21018403 
-21018403 
-21018302 
-21017898 
-21018100 
-21017797 
-21017898 
-21017494 
-21017595 
-21017696 
-21018100 
-21018403 
-21017797 
-21017696 
-21017292 
-21017393 
-21017292 
-21017393 
-21017191 
-21017292 
-21017494 
-21017797 
-21017595 
-21017494 
-21017696 
-21017696 
-21017898 
-21018302 
-21018302 
-21017999 
-21017898 
-21018201 
-21017696 
-21017696 
-21017797 
-21017999 
-21018100 
-21018201 
-21018403 
-21018504 
-21018504 
-21018504 
-21019009 
-21019009 
-21019110 
-21019514 
-21019615 
-21019211 
-21019514 
-21019716 
-21019716 
-21019716 
-21019211 
-21018807 
-21018908 
-21018908 
-21019009 
-21018908 
-21018706 
-21018605 
-21018302 
-21018201 
-21017696 
-21017494 
-21017292 
-21017898 
-21018100 
-21018302 
-21018403 
-21018403 
-21018302 
-21018807 
-21018706 
-21019312 
-21019211 
-21019514 
-21019514 
-21019514 
-21019211 
-21019211 
-21019110 
-21018605 
-21018504 
-21018807 
-21018201 
-21018201 
-21018201 
-21018302 
-21017999 
-21018201 
-21018706 
-21018605 
-21019009 
-21019110 
-21019716 
-21019615 
-21019413 
-21019918 
-21019716 
-21019413 
-21019716 
-21020019 
-21020120 
-21020019 
-21020221 
-21020120 
-21020019 
-21019817 
-21020019 
-21020221 
-21019817 
-21019918 
-21019918 
-21019615 
-21019716 
-21019918 
-21019918 
-21019817 
-21019716 
-21019009 
-21019110 
-21018807 
-21018403 
-21018302 
-21018605 
-21018807 
-21018807 
-21018605 
-21018201 
-21017797 
-21017797 
-21017797 
-21018201 
-21018201 
-21018201 
-21018302 
-21018807 
-21018201 
-21018100 
-21017797 
-21017898 
-21017797 
-21018201 
-21018302 
-21018302 
-21017999 
-21017999 
-21018403 
-21018403 
-21018302 
-21018403 
-21017999 
-21018403 
-21018403 
-21018403 
-21018302 
-21017999 
-21017797 
-21018201 
-21018302 
-21017999 
-21017999 
-21017898 
-21018201 
-21018403 
-21018302 
-21017898 
-21018100 
-21018201 
-21018403 
-21018504 
-21018908 
-21018605 
-21018908 
-21019009 
-21019009 
-21018908 
-19402302 
-17785393 
-16168787 
-14551878 
-12934868 
-11318060 
-11316444 
-12932949 
-14549858 
-16166767 
-17783575 
-19400585 
-21017292 
-21017393 
-21017595 
-21017898 
-21018302 
-21018504 
-21018605 
-21018403 
-21018706 
-21018605 
-21018302 
-21018504 
-21018302 
-21018302 
-21018201 
-21017999 
-21018403 
-21018504 
-21018908 
-21019413 
-21019817 
-21019716 
-21019615 
-21019716 
-21020019 
-21019918 
-21020120 
-21020120 
-21020322 
-21019817 
-21020019 
-21019716 
-21019211 
-21019110 
-21019413 
-21019514 
-21019413 
-21019009 
-21019110 
-21019009 
-21019110 
-21019211 
-21019514 
-21019615 
-21019918 
-21019716 
-21019716 
-21019413 
-21019716 
-21020322 
-21020423 
-21020019 
-21020423 
-21020322 
-21020322 
-21020221 
-21019716 
-21019211 
-21019312 
-21019514 
-21019615 
-21019211 
-21018504 
-21018302 
-21018504 
-21018302 
-21018302 
-21017999 
-21017595 
-21017696 
-21017898 
-21017898 
-21017494 
-21017494 
-21017696 
-21017898 
-21017797 
-21018302 
-21017999 
-21017999 
-21017898 
-21017898 
-21018100 
-21017999 
-21018100 
-21018302 
-21018302 
-21018302 
-21018201 
-21018201 
-21017999 
-21018100 
-21017999 
-21018100 
-21017898 
-21017898 
-21017999 
-21017797 
-21017797 
-21018201 
-21018100 
-21018403 
-21018605 
-21018504 
-21018100 
-21018302 
-21018605 
-21019009 
-21019009 
-21019009 
-21019110 
-21019110 
-21018908 
-21018807 
-21018706 
-21018302 
-21018504 
-21018504 
-21018100 
-21017999 
-21018100 
-21018403 
-21018504 
-21018807 
-21018807 
-21018403 
-21018504 
-21018302 
-21018504 
-21018302 
-21018504 
-21019211 
-21019211 
-21018908 
-21018807 
-21018605 
-21018504 
-21018605 
-21018807 
-21018605 
-21018706 
-21018908 
-21019009 
-21019413 
-21019009 
-21019009 
-21018807 
-21018605 
-21018807 
-21018807 
-21018706 
-21018605 
-21018706 
-21018605 
-21018403 
-21018201 
-21018100 
-21017696 
-21017595 
-21017898 
-21017494 
-21017292 
-21017090 
-21017191 
-21017595 
-21017393 
-21017393 
-21017595 
-21017393 
-21017393 
-21017999 
-21018201 
-21018302 
-21018706 
-21018908 
-21019110 
-21019615 
-21019211 
-21019716 
-21019716 
-21019716 
-21020322 
-21020423 
-21020120 
-21019817 
-21019918 
-21019716 
-21019615 
-21019413 
-21019211 
-21019514 
-21019110 
-21019211 
-21019211 
-21018908 
-21018706 
-21018706 
-21018706 
-21018807 
-21019009 
-21019211 
-21019514 
-21019110 
-21019009 
-21019413 
-21019615 
-21019312 
-21019312 
-21018908 
-21019211 
-21019110 
-21019110 
-21018706 
-21018302 
-21017898 
-21017696 
-21017595 
-21017595 
-21017292 
-21017494 
-21017595 
-21018201 
-21017797 
-21017797 
-21017292 
-21017696 
-21018201 
-21018403 
-21018605 
-21018605 
-21018201 
-21018302 
-21018302 
-21018302 
-21018302 
-21018302 
-21018403 
-21018504 
-21018403 
-21018201 
-21018302 
-21018403 
-21018605 
-21018908 
-21019009 
-21018908 
-21018302 
-21018100 
-21018504 
-21018605 
-21018908 
-21018807 
-21018504 
-21018302 
-21018100 
-21017797 
-21017797 
-21018100 
-21018504 
-21019211 
-21019110 
-21019211 
-21019211 
-21018908 
-21018908 
-21018706 
-21018807 
-21018908 
-21019009 
-21019009 
-21018908 
-21018908 
-21018807 
-21019110 
-21018605 
-21019009 
-21019110 
-21019413 
-21019716 
-21019413 
-21019413 
-21019413 
-21019110 
-21018908 
-21018504 
-21018302 
-21017898 
-21017999 
-21017393 
-21017494 
-21017090 
-21016787 
-21017292 
-21017494 
-21017797 
-21018302 
-21017797 
-21017595 
-21017494 
-21017797 
-21017898 
-21018201 
-21017898 
-21018201 
-21018605 
-21018403 
-21018201 
-21018201 
-21017999 
-21018403 
-21018706 
-21019211 
-21019211 
-21019312 
-21018807 
-21019211 
-21018605 
-21018605 
-21018807 
-21018706 
-21018403 
-21017999 
-21018504 
-21018504 
-21018302 
-21017999 
-21017797 
-21018302 
-21018201 
-21018504 
-21018908 
-21018908 
-21018807 
-21019009 
-21019312 
-21018807 
-21018605 
-21018605 
-21018605 
-21018605 
-21018504 
-21018302 
-21018403 
-21018100 
-21017999 
-21018403 
-21018201 
-21018302 
-21018504 
-21018807 
-21018403 
-21018706 
-21018504 
-21018302 
-21018403 
-21018403 
-21018403 
-21018504 
-21018100 
-21017797 
-21017797 
-21017898 
-21017595 
-21017797 
-21018100 
-21018504 
-21018605 
-21018706 
-21018605 
-21018807 
-21018403 
-21019009 
-21019211 
-21019110 
-21018605 
-21018706 
-21019110 
-21018908 
-21018504 
-21018302 
-21018201 
-21018302 
-21017898 
-21018403 
-21018100 
-21018201 
-21018302 
-21018605 
-21018706 
-21018302 
-21017999 
-21018504 
-21018605 
-21018908 
-21019211 
-21019211 
-21019009 
-21019110 
-21019110 
-21019110 
-21018908 
-21019110 
-21019514 
-21019615 
-21019615 
-21020019 
-21019817 
-21019817 
-21020322 
-21020019 
-21019918 
-21020019 
-21020221 
-21020625 
-21020524 
-21020120 
-21020221 
-21019918 
-21019413 
-21019514 
-21019110 
-21019009 
-21018908 
-21019009 
-21019110 
-21018504 
-21018605 
-21018302 
-21018706 
-21018706 
-21018403 
-21018201 
-21017898 
-21017999 
-21017898 
-21018201 
-21018302 
-21018100 
-21018706 
-21018100 
-21018605 
-21018302 
-21018504 
-21018908 
-21019514 
-21019413 
-21019413 
-21019615 
-21019918 
-21019918 
-21020322 
-21019716 
-21019918 
-21019615 
-21019716 
-21019514 
-21019817 
-21019716 
-21020423 
-21020423 
-21020120 
-21020019 
-21019716 
-21019413 
-21019817 
-21020322 
-21020322 
-21020423 
-21020322 
-21019716 
-21019716 
-21019312 
-21019211 
-21019009 
-21019211 
-21019009 
-21019009 
-21018908 
-21018403 
-21018100 
-21017696 
-21017494 
-21017797 
-21017797 
-21017797 
-21017898 
-21017898 
-21017696 
-21017797 
-21017696 
-21017696 
-21018100 
-21018201 
-21018504 
-21018706 
-21018605 
-21018706 
-21018403 
-21018403 
-21018302 
-21018201 
-21018403 
-21018403 
-21018504 
-21017898 
-21018403 
-21018302 
-21018302 
-21018605 
-21018302 
-21018706 
-21019009 
-21019110 
-21018807 
-21018807 
-21018807 
-21019009 
-21019514 
-21018908 
-21018605 
-21018302 
-21018100 
-21017898 
-21017393 
-21017393 
-21017191 
-21017494 
-21017090 
-21017191 
-21016787 
-21016989 
-21016989 
-21017494 
-21017797 
-21017696 
-21017999 
-21018605 
-21018201 
-21018504 
-21018706 
-21018807 
-21018807 
-21018807 
-21018605 
-21018605 
-21017999 
-21018100 
-21018302 
-21017999 
-21017797 
-21018100 
-21018201 
-21018100 
-21018100 
-21017595 
-21017898 
-21017797 
-21018201 
-21018706 
-21018100 
-21017898 
-21018201 
-21017898 
-21017797 
-21017999 
-21017797 
-21018100 
-21018403 
-21018504 
-21018302 
-21018403 
-21018302 
-21018807 
-21018605 
-21019009 
-21019211 
-21019211 
-21019110 
-21019110 
-21019312 
-21019615 
-21019514 
-21019716 
-21019312 
-21019312 
-21019514 
-21019918 
-21019817 
-21020019 
-21019817 
-21019615 
-21019211 
-21019009 
-21018807 
-21018605 
-21018302 
-21018807 
-21018403 
-21017696 
-21017797 
-21017797 
-21017494 
-21017696 
-21017898 
-21018706 
-21018807 
-21018807 
-21018706 
-21019009 
-21018504 
-21018807 
-21019615 
-21019716 
-21019312 
-21019312 
-21019211 
-21019009 
-21018706 
-21018504 
-21018403 
-21018504 
-21018201 
-21018403 
-21018201 
-21017898 
-21017999 
-21018302 
-21018302 
-21018302 
-21018201 
-21018302 
-21018403 
-21018403 
-21018403 
-21018403 
-21018100 
-21018504 
-21018504 
-21017999 
-21017494 
-21017696 
-21017797 
-21017595 
-21017292 
-21017090 
-21016888 
-21016888 
-21017292 
-21017696 
-21017898 
-21017696 
-21018100 
-21018504 
-21018201 
-21018302 
-21018706 
-21019009 
-21019009 
-21019413 
-21019514 
-21019009 
-21018403 
-21018201 
-21018201 
-21017595 
-21017797 
-21018201 
-21017999 
-21017494 
-21017191 
-21017191 
-21016989 
-21016787 
-21017494 
-21017898 
-21017393 
-21017393 
-21017595 
-21017393 
-21017191 
-21017494 
-21017696 
-21017696 
-21017595 
-21017797 
-21017898 
-21017191 
-21017595 
-21018201 
-21018605 
-21018504 
-21018504 
-21018403 
-21018100 
-21018403 
-21018403 
-21018807 
-21018706 
-21018403 
-21019009 
-21018504 
-21018403 
-21018100 
-21018403 
-21018100 
-21018302 
-21018403 
-21017898 
-21018100 
-21018201 
-21018403 
-21018807 
-21018807 
-21019009 
-21019110 
-21019312 
-21019110 
-21019211 
-21019110 
-21019110 
-21019514 
-21019615 
-21019009 
-21018706 
-21018504 
-21018201 
-21018302 
-21017999 
-21017999 
-21018302 
-21018504 
-21018706 
-21018302 
-21017999 
-21017696 
-21018302 
-21018100 
-21018504 
-21018403 
-21018403 
-21018504 
-21018403 
-21017999 
-21018403 
-21018403 
-21019211 
-21019514 
-21019413 
-21019312 
-21019413 
-21018908 
-21018908 
-21018807 
-21019110 
-21019110 
-21019615 
-21019312 
-21019110 
-21018504 
-21018302 
-21018201 
-21017696 
-21017696 
-21018201 
-21017999 
-21017999 
-21017595 
-21017494 
-21017494 
-21017494 
-21017393 
-21017393 
-21017696 
-21017999 
-21018302 
-21019009 
-21018605 
-21018807 
-21018605 
-21018807 
-21018908 
-21018605 
-21018504 
-21018403 
-21018605 
-21018201 
-21018201 
-21018302 
-21017898 
-21018100 
-21018302 
-21018706 
-21018403 
-21018908 
-21019110 
-21018908 
-21019312 
-21019615 
-21020221 
-21020423 
-21020322 
-21020221 
-21020322 
-21020221 
-21019918 
-21019817 
-21019413 
-21018706 
-21019009 
-21019211 
-21018908 
-21018605 
-21018302 
-21018302 
-21018201 
-21018201 
-21018403 
-21018403 
-21018807 
-21019009 
-21019918 
-21019716 
-21019514 
-21019615 
-21019615 
-21020019 
-21019817 
-21020120 
-21019817 
-21019918 
-21019817 
-21019514 
-21019009 
-21018100 
-21018504 
-21018403 
-21018403 
-21018302 
-21017898 
-21018100 
-21017797 
-21017898 
-21017494 
-21017595 
-21017696 
-21018100 
-21018403 
-21017797 
-21017696 
-21017292 
-21017393 
-21017292 
-21017393 
-21017191 
-21017292 
-21017494 
-21017797 
-21017595 
-21017494 
-21017696 
-21017696 
-21017898 
-21018302 
-21018302 
-21017999 
-21017898 
-21018201 
-21017696 
-21017696 
-21017797 
-21017999 
-21018100 
-21018201 
-21018403 
-21018504 
-21018504 
-21018504 
-21019009 
-21019009 
-21019110 
-21019514 
-21019615 
-21019211 
-21019514 
-21019716 
-21019716 
-21019716 
-21019211 
-21018807 
-21018908 
-21018908 
-21019009 
-21018908 
-21018706 
-21018605 
-21018302 
-21018201 
-21017696 
-21017494 
-21017292 
-21017898 
-21018100 
-21018302 
-21018403 
-21018403 
-21018302 
-21018807 
-21018706 
-21019312 
-21019211 
-21019514 
-21019514 
-21019514 
-21019211 
-21019211 
-21019110 
-21018605 
-21018504 
-21018807 
-21018201 
-21018201 
-21018201 
-21018302 
-21017999 
-21018201 
-21018706 
-21018605 
-21019009 
-21019110 
-21019716 
-21019615 
-21019413 
-21019918 
-21019716 
-21019413 
-21019716 
-21020019 
-21020120 
-21020019 
-21020221 
-21020120 
-21020019 
-21019817 
-21020019 
-21020221 
-21019817 
-21019918 
-21019918 
-21019615 
-21019716 
-21019918 
-21019918 
-21019817 
-21019716 
-21019009 
-21019110 
-21018807 
-21018403 
-21018302 
-21018605 
-21018807 
-21018807 
-21018605 
-21018201 
-21017797 
-21017797 
-21017797 
-21018201 
-21018201 
-21018201 
-21018302 
-21018807 
-21018201 
-21018100 
-21017797 
-21017898 
-21017797 
-21018201 
-21018302 
-21018302 
-21017999 
-21017999 
-21018403 
-21018403 
-21018302 
-21018403 
-21017999 
-21018403 
-21018403 
-21018403 
-21018302 
-21017999 
-21017797 
-21018201 
-21018302 
-21017999 
-21017999 
-21017898 
-21018201 
-21018403 
-21018302 
-21017898 
-21018100 
-21018201 
-21018403 
-21018504 
-21018908 
-21018605 
-21018908 
-21019009 
-21019009 
-21018908 
-19402302 
-17785393 
-16168787 
-14551878 
-12934868 
-11318060 
