1 32 3
1 1 1 1 0 0 1 0 0 1 1 0 1 0 1 0 0 0 0 0 0 0 1 0 1 0 0 0 0 1 0 0
0 1 0 1 1 1 0 1 1 0 1 0 1 0 0 0 0 1 1 1 1 1 0 1 0 1 1 1 0 1 1 1
1 0 0 0 0 1 0 0 0 1 0 0 0 1 0 1 1 0 1 1 1 1 1 1 0 1 0 1 0 0 0 1
3 33 17 2
-101 -101 -101 -101 -101 -101 -101 -101 -101 -101 -101 -101 -101 -101 -101 -101 -101
-101 -101 -101 -101 -101 -101 -101 -101 -101 -101 -101 -101 -101 -101 -101 -101 -101
-101 -101 -101 -101 -101 -101 -101 -101 -101 -101 -101 -101 -101 -101 -101 -101 -101
-101 -101 -101 -101 -101 -101 -101 -101 -101 -101 -101 -101 -101 -101 -101 -101 -101
-101 -101 -101 -101 -101 -101 -101 -101 -101 -101 -101 -101 -101 -101 -101 -101 -101
-101 -101 -101 -101 -101 -101 -101 -101 -101 -101 -101 -101 -101 -101 -101 -101 -101
-101 -101 -101 -101 -101 -101 -101 -101 -101 -101 -101 -101 -101 -101 -101 -101 -101
-101 -101 -101 -101 -101 -101 -101 -101 -101 -101 -101 -101 -101 -101 -101 -101 -101
-101 -101 -101 -101 -101 -101 -101 -101 -101 -101 -101 -101 -101 -101 -101 -101 -101
-101 -101 -101 -101 -101 -101 -101 -101 -101 -101 -101 -101 -101 -101 -101 -101 -101
-101 -101 -101 -101 -101 -101 -101 -101 -101 -101 -101 -101 -101 -101 -101 -101 -101
-101 -101 -101 -101 -101 -101 -101 -101 -101 -101 -101 -101 -101 -101 -101 -101 -101
-101 -101 -101 -101 -101 -101 -101 -101 -101 -101 -101 -101 -101 -101 -101 -101 -101
-101 -101 -101 -101 -101 -101 -101 -101 -101 -101 -101 -101 -101 -101 -101 -101 -101
-101 -101 -101 -101 -101 -101 -101 -101 -101 -101 -101 -101 -101 -101 -101 -101 -101
-101 -101 -101 -101 -101 -101 -101 -101 -101 -101 -101 -101 -101 -101 -101 -101 -101
-101 -101 -101 -101 -101 -101 -101 -101 -101 -101 -101 -101 -101 -101 -101 -101 -101
-101 -101 -101 -101 -101 -101 -101 -101 -101 -101 -101 -101 -101 -101 -101 -101 -101
-101 -101 -101 -101 -101 -101 -101 -101 -101 -101 -101 -101 -101 -101 -101 -101 -101
-101 -101 -101 -101 -101 -101 -101 -101 -101 -101 -101 -101 -101 -101 -101 -101 -101
-101 -101 -101 -101 -101 -101 -101 -101 -101 -101 -101 -101 -101 -101 -101 -101 -101
-101 -101 -101 -101 -101 -101 -101 -101 -101 -101 -101 -101 -101 -101 -101 -101 -101
-101 -101 -101 -101 -101 -101 -101 -101 -101 -101 -101 -101 -101 -101 -101 -101 -101
-101 -101 -101 -101 -101 -101 -101 -101 -101 -101 -101 -101 -101 -101 -101 -101 -101
-101 -101 -101 -101 -101 -101 -101 -101 -101 -101 -101 -101 -101 -101 -101 -101 -101
-101 -101 -101 -101 -101 -101 -101 -101 -101 -101 -101 -101 -101 -101 -101 -101 -101
-101 -101 -101 -101 -101 -101 -101 -101 -101 -101 -101 -101 -101 -101 -101 -101 -101
-101 -101 -101 -101 -101 -101 -101 -101 -101 -101 -101 -101 -101 -101 -101 -101 -101
-101 -101 -101 -101 -101 -101 -101 -101 -101 -101 -101 -101 -101 -101 -101 -101 -101
-101 -101 -101 -101 -101 -101 -101 -101 -101 -101 -101 -101 -101 -101 -101 -101 -101
-101 -101 -101 -101 -101 -101 -101 -101 -101 -101 -101 -101 -101 -101 -101 -101 -101
-101 -101 -101 -101 -101 -101 -101 -101 -101 -101 -101 -101 -101 -101 -101 -101 -101
-101 -101 -101 -101 -101 -101 -101 -101 -101 -101 -101 -101 -101 -101 -101 -101 -101
-101 -101 -101 -101 -101 -101 -101 -101 -101 -101 -101 -101 -101 -101 -101 -101 -101
-101 -101 -101 -101 -101 -101 -101 -101 -101 -101 -101 -101 -101 -101 -101 -101 -101
-101 -101 -101 -101 -101 -101 -101 -101 -101 -101 -101 -101 -101 -101 -101 -101 -101
-101 -101 -101 -101 -101 -101 -101 -101 -101 -101 -101 -101 -101 -101 -101 -101 -101
-101 -101 -101 -101 -101 -101 -101 -101 -101 -101 -101 -101 -101 -101 -101 -101 -101
-101 -101 -101 -101 -101 -101 -101 -101 -101 -101 -101 -101 -101 -101 -101 -101 -101
-101 -101 -101 -101 -101 -101 -101 -101 -101 -101 -101 -101 -101 -101 -101 -101 -101
-101 -101 -101 -101 -101 -101 -101 -101 -101 -101 -101 -101 -101 -101 -101 -101 -101
-101 -101 -101 -101 -101 -101 -101 -101 -101 -101 -101 -101 -101 -101 -101 -101 -101
-101 -101 -101 -101 -101 -101 -101 -101 -101 -101 -101 -101 -101 -101 -101 -101 -101
-101 -101 -101 -101 -101 -101 -101 -101 -101 -101 -101 -101 -101 -101 -101 -101 -101
-101 -101 -101 -101 -101 -101 -101 -101 -101 -101 -101 -101 -101 -101 -101 -101 -101
-101 -101 -101 -101 -101 -101 -101 -101 -101 -101 -101 -101 -101 -101 -101 -101 -101
-101 -101 -101 -101 -101 -101 -101 -101 -101 -101 -101 -101 -101 -101 -101 -101 -101
-101 -101 -101 -101 -101 -101 -101 -101 -101 -101 -101 -101 -101 -101 -101 -101 -101
-101 -101 -101 -101 -101 -101 -101 -101 -101 -101 -101 -101 -101 -101 -101 -101 -101
-101 -101 -101 -101 -101 -101 -101 -101 -101 -101 -101 -101 -101 -101 -101 -101 -101
-101 -101 -101 -101 -101 -101 -101 -101 -101 -101 -101 -101 -101 -101 -101 -101 -101
-101 -101 -101 -101 -101 -101 -101 -101 -101 -101 -101 -101 -101 -101 -101 -101 -101
-101 -101 -101 -101 -101 -101 -101 -101 -101 -101 -101 -101 -101 -101 -101 -101 -101
-101 -101 -101 -101 -101 -101 -101 -101 -101 -101 -101 -101 -101 -101 -101 -101 -101
-101 -101 -101 -101 -101 -101 -101 -101 -101 -101 -101 -101 -101 -101 -101 -101 -101
-101 -101 -101 -101 -101 -101 -101 -101 -101 -101 -101 -101 -101 -101 -101 -101 -101
-101 -101 -101 -101 -101 -101 -101 -101 -101 -101 -101 -101 -101 -101 -101 -101 -101
-101 -101 -101 -101 -101 -101 -101 -101 -101 -101 -101 -101 -101 -101 -101 -101 -101
-101 -101 -101 -101 -101 -101 -101 -101 -101 -101 -101 -101 -101 -101 -101 -101 -101
-101 -101 -101 -101 -101 -101 -101 -101 -101 -101 -101 -101 -101 -101 -101 -101 -101
-101 -101 -101 -101 -101 -101 -101 -101 -101 -101 -101 -101 -101 -101 -101 -101 -101
-101 -101 -101 -101 -101 -101 -101 -101 -101 -101 -101 -101 -101 -101 -101 -101 -101
-101 -101 -101 -101 -101 -101 -101 -101 -101 -101 -101 -101 -101 -101 -101 -101 -101
-101 -101 -101 -101 -101 -101 -101 -101 -101 -101 -101 -101 -101 -101 -101 -101 -101
-101 -101 -101 -101 -101 -101 -101 -101 -101 -101 -101 -101 -101 -101 -101 -101 -101
-101 -101 -101 -101 -101 -101 -101 -101 -101 -101 -101 -101 -101 -101 -101 -101 -101
-101 -101 -101 -101 -101 -101 -101 -101 -101 -101 -101 -101 -101 -101 -101 -101 -101
-101 -101 -101 -101 -101 -101 -101 -101 -101 -101 -101 -101 -101 -101 -101 -101 -101
-101 -101 -101 -101 -101 -101 -101 -101 -101 -101 -101 -101 -101 -101 -101 -101 -101
-101 -101 -101 -101 -101 -101 -101 -101 -101 -101 -101 -101 -101 -101 -101 -101 -101
-101 -101 -101 -101 -101 -101 -101 -101 -101 -101 -101 -101 -101 -101 -101 -101 -101
-101 -101 -101 -101 -101 -101 -101 -101 -101 -101 -101 -101 -101 -101 -101 -101 -101
-101 -101 -101 -101 -101 -101 -101 -101 -101 -101 -101 -101 -101 -101 -101 -101 -101
-101 -101 -101 -101 -101 -101 -101 -101 -101 -101 -101 -101 -101 -101 -101 -101 -101
-101 -101 -101 -101 -101 -101 -101 -101 -101 -101 -101 -101 -101 -101 -101 -101 -101
-101 -101 -101 -101 -101 -101 -101 -101 -101 -101 -101 -101 -101 -101 -101 -101 -101
-101 -101 -101 -101 -101 -101 -101 -101 -101 -101 -101 -101 -101 -101 -101 -101 -101
-101 -101 -101 -101 -101 -101 -101 -101 -101 -101 -101 -101 -101 -101 -101 -101 -101
-101 -101 -101 -101 -101 -101 -101 -101 -101 -101 -101 -101 -101 -101 -101 -101 -101
-101 -101 -101 -101 -101 -101 -101 -101 -101 -101 -101 -101 -101 -101 -101 -101 -101
-101 -101 -101 -101 -101 -101 -101 -101 -101 -101 -101 -101 -101 -101 -101 -101 -101
-101 -101 -101 -101 -101 -101 -101 -101 -101 -101 -101 -101 -101 -101 -101 -101 -101
-101 -101 -101 -101 -101 -101 -101 -101 -101 -101 -101 -101 -101 -101 -101 -101 -101
-101 -101 -101 -101 -101 -101 -101 -101 -101 -101 -101 -101 -101 -101 -101 -101 -101
-101 -101 -101 -101 -101 -101 -101 -101 -101 -101 -101 -101 -101 -101 -101 -101 -101
-101 -101 -101 -101 -101 -101 -101 -101 -101 -101 -101 -101 -101 -101 -101 -101 -101
-101 -101 -101 -101 -101 -101 -101 -101 -101 -101 -101 -101 -101 -101 -101 -101 -101
-101 -101 -101 -101 -101 -101 -101 -101 -101 -101 -101 -101 -101 -101 -101 -101 -101
-101 -101 -101 -101 -101 -101 -101 -101 -101 -101 -101 -101 -101 -101 -101 -101 -101
-101 -101 -101 -101 -101 -101 -101 -101 -101 -101 -101 -101 -101 -101 -101 -101 -101
-101 -101 -101 -101 -101 -101 -101 -101 -101 -101 -101 -101 -101 -101 -101 -101 -101
-101 -101 -101 -101 -101 -101 -101 -101 -101 -101 -101 -101 -101 -101 -101 -101 -101
-101 -101 -101 -101 -101 -101 -101 -101 -101 -101 -101 -101 -101 -101 -101 -101 -101
-101 -101 -101 -101 -101 -101 -101 -101 -101 -101 -101 -101 -101 -101 -101 -101 -101
-101 -101 -101 -101 -101 -101 -101 -101 -101 -101 -101 -101 -101 -101 -101 -101 -101
-101 -101 -101 -101 -101 -101 -101 -101 -101 -101 -101 -101 -101 -101 -101 -101 -101
-101 -101 -101 -101 -101 -101 -101 -101 -101 -101 -101 -101 -101 -101 -101 -101 -101
-101 -101 -101 -101 -101 -101 -101 -101 -101 -101 -101 -101 -101 -101 -101 -101 -101
-101 -101 -101 -101 -101 -101 -101 -101 -101 -101 -101 -101 -101 -101 -101 -101 -101
-101 -101 -101 -101 -101 -101 -101 -101 -101 -101 -101 -101 -101 -101 -101 -101 -101
-101 -101 -101 -101 -101 -101 -101 -101 -101 -101 -101 -101 -101 -101 -101 -101 -101
-101 -101 -101 -101 -101 -101 -101 -101 -101 -101 -101 -101 -101 -101 -101 -101 -101
-101 -101 -101 -101 -101 -101 -101 -101 -101 -101 -101 -101 -101 -101 -101 -101 -101
-101 -101 -101 -101 -101 -101 -101 -101 -101 -101 -101 -101 -101 -101 -101 -101 -101
-101 -101 -101 -101 -101 -101 -101 -101 -101 -101 -101 -101 -101 -101 -101 -101 -101
-101 -101 -101 -101 -101 -101 -101 -101 -101 -101 -101 -101 -101 -101 -101 -101 -101
-101 -101 -101 -101 -101 -101 -101 -101 -101 -101 -101 -101 -101 -101 -101 -101 -101
-101 -101 -101 -101 -101 -101 -101 -101 -101 -101 -101 -101 -101 -101 -101 -101 -101
-101 -101 -101 -101 -101 -101 -101 -101 -101 -101 -101 -101 -101 -101 -101 -101 -101
-101 -101 -101 -101 -101 -101 -101 -101 -101 -101 -101 -101 -101 -101 -101 -101 -101
-101 -101 -101 -101 -101 -101 -101 -101 -101 -101 -101 -101 -101 -101 -101 -101 -101
-101 -101 -101 -101 -101 -101 -101 -101 -101 -101 -101 -101 -101 -101 -101 -101 -101
-101 -101 -101 -101 -101 -101 -101 -101 -101 -101 -101 -101 -101 -101 -101 -101 -101
-101 -101 -101 -101 -101 -101 -101 -101 -101 -101 -101 -101 -101 -101 -101 -101 -101
-101 -101 -101 -101 -101 -101 -101 -101 -101 -101 -101 -101 -101 -101 -101 -101 -101
-101 -101 -101 -101 -101 -101 -101 -101 -101 -101 -101 -101 -101 -101 -101 -101 -101
-101 -101 -101 -101 -101 -101 -101 -101 -101 -101 -101 -101 -101 -101 -101 -101 -101
-101 -101 -101 -101 -101 -101 -101 -101 -101 -101 -101 -101 -101 -101 -101 -101 -101
-101 -101 -101 -101 -101 -101 -101 -101 -101 -101 -101 -101 -101 -101 -101 -101 -101
-101 -101 -101 -101 -101 -101 -101 -101 -101 -101 -101 -101 -101 -101 -101 -101 -101
-101 -101 -101 -101 -101 -101 -101 -101 -101 -101 -101 -101 -101 -101 -101 -101 -101
-101 -101 -101 -101 -101 -101 -101 -101 -101 -101 -101 -101 -101 -101 -101 -101 -101
-101 -101 -101 -101 -101 -101 -101 -101 -101 -101 -101 -101 -101 -101 -101 -101 -101
-101 -101 -101 -101 -101 -101 -101 -101 -101 -101 -101 -101 -101 -101 -101 -101 -101
-101 -101 -101 -101 -101 -101 -101 -101 -101 -101 -101 -101 -101 -101 -101 -101 -101
-101 -101 -101 -101 -101 -101 -101 -101 -101 -101 -101 -101 -101 -101 -101 -101 -101
-101 -101 -101 -101 -101 -101 -101 -101 -101 -101 -101 -101 -101 -101 -101 -101 -101
-101 -101 -101 -101 -101 -101 -101 -101 -101 -101 -101 -101 -101 -101 -101 -101 -101
-101 -101 -101 -101 -101 -101 -101 -101 -101 -101 -101 -101 -101 -101 -101 -101 -101
-101 -101 -101 -101 -101 -101 -101 -101 -101 -101 -101 -101 -101 -101 -101 -101 -101
-101 -101 -101 -101 -101 -101 -101 -101 -101 -101 -101 -101 -101 -101 -101 -101 -101
-101 -101 -101 -101 -101 -101 -101 -101 -101 -101 -101 -101 -101 -101 -101 -101 -101
-101 -101 -101 -101 -101 -101 -101 -101 -101 -101 -101 -101 -101 -101 -101 -101 -101
-101 -101 -101 -101 -101 -101 -101 -101 -101 -101 -101 -101 -101 -101 -101 -101 -101
-101 -101 -101 -101 -101 -101 -101 -101 -101 -101 -101 -101 -101 -101 -101 -101 -101
-101 -101 -101 -101 -101 -101 -101 -101 -101 -101 -101 -101 -101 -101 -101 -101 -101
-101 -101 -101 -101 -101 -101 -101 -101 -101 -101 -101 -101 -101 -101 -101 -101 -101
-101 -101 -101 -101 -101 -101 -101 -101 -101 -101 -101 -101 -101 -101 -101 -101 -101
-101 -101 -101 -101 -101 -101 -101 -101 -101 -101 -101 -101 -101 -101 -101 -101 -101
-101 -101 -101 -101 -101 -101 -101 -101 -101 -101 -101 -101 -101 -101 -101 -101 -101
-101 -101 -101 -101 -101 -101 -101 -101 -101 -101 -101 -101 -101 -101 -101 -101 -101
-101 -101 -101 -101 -101 -101 -101 -101 -101 -101 -101 -101 -101 -101 -101 -101 -101
-101 -101 -101 -101 -101 -101 -101 -101 -101 -101 -101 -101 -101 -101 -101 -101 -101
-101 -101 -101 -101 -101 -101 -101 -101 -101 -101 -101 -101 -101 -101 -101 -101 -101
-101 -101 -101 -101 -101 -101 -101 -101 -101 -101 -101 -101 -101 -101 -101 -101 -101
-101 -101 -101 -101 -101 -101 -101 -101 -101 -101 -101 -101 -101 -101 -101 -101 -101
-101 -101 -101 -101 -101 -101 -101 -101 -101 -101 -101 -101 -101 -101 -101 -101 -101
-101 -101 -101 -101 -101 -101 -101 -101 -101 -101 -101 -101 -101 -101 -101 -101 -101
-101 -101 -101 -101 -101 -101 -101 -101 -101 -101 -101 -101 -101 -101 -101 -101 -101
-101 -101 -101 -101 -101 -101 -101 -101 -101 -101 -101 -101 -101 -101 -101 -101 -101
-101 -101 -101 -101 -101 -101 -101 -101 -101 -101 -101 -101 -101 -101 -101 -101 -101
-101 -101 -101 -101 -101 -101 -101 -101 -101 -101 -101 -101 -101 -101 -101 -101 -101
-101 -101 -101 -101 -101 -101 -101 -101 -101 -101 -101 -101 -101 -101 -101 -101 -101
-101 -101 -101 -101 -101 -101 -101 -101 -101 -101 -101 -101 -101 -101 -101 -101 -101
-101 -101 -101 -101 -101 -101 -101 -101 -101 -101 -101 -101 -101 -101 -101 -101 -101
-101 -101 -101 -101 -101 -101 -101 -101 -101 -101 -101 -101 -101 -101 -101 -101 -101
-101 -101 -101 -101 -101 -101 -101 -101 -101 -101 -101 -101 -101 -101 -101 -101 -101
-101 -101 -101 -101 -101 -101 -101 -101 -101 -101 -101 -101 -101 -101 -101 -101 -101
-101 -101 -101 -101 -101 -101 -101 -101 -101 -101 -101 -101 -101 -101 -101 -101 -101
-101 -101 -101 -101 -101 -101 -101 -101 -101 -101 -101 -101 -101 -101 -101 -101 -101
-101 -101 -101 -101 -101 -101 -101 -101 -101 -101 -101 -101 -101 -101 -101 -101 -101
-101 -101 -101 -101 -101 -101 -101 -101 -101 -101 -101 -101 -101 -101 -101 -101 -101
-101 -101 -101 -101 -101 -101 -101 -101 -101 -101 -101 -101 -101 -101 -101 -101 -101
-101 -101 -101 -101 -101 -101 -101 -101 -101 -101 -101 -101 -101 -101 -101 -101 -101
-101 -101 -101 -101 -101 -101 -101 -101 -101 -101 -101 -101 -101 -101 -101 -101 -101
-101 -101 -101 -101 -101 -101 -101 -101 -101 -101 -101 -101 -101 -101 -101 -101 -101
-101 -101 -101 -101 -101 -101 -101 -101 -101 -101 -101 -101 -101 -101 -101 -101 -101
-101 -101 -101 -101 -101 -101 -101 -101 -101 -101 -101 -101 -101 -101 -101 -101 -101
-101 -101 -101 -101 -101 -101 -101 -101 -101 -101 -101 -101 -101 -101 -101 -101 -101
-101 -101 -101 -101 -101 -101 -101 -101 -101 -101 -101 -101 -101 -101 -101 -101 -101
-101 -101 -101 -101 -101 -101 -101 -101 -101 -101 -101 -101 -101 -101 -101 -101 -101
-101 -101 -101 -101 -101 -101 -101 -101 -101 -101 -101 -101 -101 -101 -101 -101 -101
-101 -101 -101 -101 -101 -101 -101 -101 -101 -101 -101 -101 -101 -101 -101 -101 -101
-101 -101 -101 -101 -101 -101 -101 -101 -101 -101 -101 -101 -101 -101 -101 -101 -101
-101 -101 -101 -101 -101 -101 -101 -101 -101 -101 -101 -101 -101 -101 -101 -101 -101
-101 -101 -101 -101 -101 -101 -101 -101 -101 -101 -101 -101 -101 -101 -101 -101 -101
-101 -101 -101 -101 -101 -101 -101 -101 -101 -101 -101 -101 -101 -101 -101 -101 -101
-101 -101 -101 -101 -101 -101 -101 -101 -101 -101 -101 -101 -101 -101 -101 -101 -101
-101 -101 -101 -101 -101 -101 -101 -101 -101 -101 -101 -101 -101 -101 -101 -101 -101
-101 -101 -101 -101 -101 -101 -101 -101 -101 -101 -101 -101 -101 -101 -101 -101 -101
-101 -101 -101 -101 -101 -101 -101 -101 -101 -101 -101 -101 -101 -101 -101 -101 -101
-101 -101 -101 -101 -101 -101 -101 -101 -101 -101 -101 -101 -101 -101 -101 -101 -101
-101 -101 -101 -101 -101 -101 -101 -101 -101 -101 -101 -101 -101 -101 -101 -101 -101
-101 -101 -101 -101 -101 -101 -101 -101 -101 -101 -101 -101 -101 -101 -101 -101 -101
-101 -101 -101 -101 -101 -101 -101 -101 -101 -101 -101 -101 -101 -101 -101 -101 -101
-101 -101 -101 -101 -101 -101 -101 -101 -101 -101 -101 -101 -101 -101 -101 -101 -101
-101 -101 -101 -101 -101 -101 -101 -101 -101 -101 -101 -101 -101 -101 -101 -101 -101
-101 -101 -101 -101 -101 -101 -101 -101 -101 -101 -101 -101 -101 -101 -101 -101 -101
-101 -101 -101 -101 -101 -101 -101 -101 -101 -101 -101 -101 -101 -101 -101 -101 -101
-101 -101 -101 -101 -101 -101 -101 -101 -101 -101 -101 -101 -101 -101 -101 -101 -101
-101 -101 -101 -101 -101 -101 -101 -101 -101 -101 -101 -101 -101 -101 -101 -101 -101
-101 -101 -101 -101 -101 -101 -101 -101 -101 -101 -101 -101 -101 -101 -101 -101 -101
-101 -101 -101 -101 -101 -101 -101 -101 -101 -101 -101 -101 -101 -101 -101 -101 -101
-101 -101 -101 -101 -101 -101 -101 -101 -101 -101 -101 -101 -101 -101 -101 -101 -101
-101 -101 -101 -101 -101 -101 -101 -101 -101 -101 -101 -101 -101 -101 -101 -101 -101
-101 -101 -101 -101 -101 -101 -101 -101 -101 -101 -101 -101 -101 -101 -101 -101 -101
-101 -101 -101 -101 -101 -101 -101 -101 -101 -101 -101 -101 -101 -101 -101 -101 -101
-101 -101 -101 -101 -101 -101 -101 -101 -101 -101 -101 -101 -101 -101 -101 -101 -101
