1023 2 2
442 985
725 918
624 842
813 10
882 212
727 442
391 269
270 916
566 772
195 887
936 513
749 465
590 891
7 996
431 232
644 668
721 774
744 113
560 825
305 583
206 823
225 35
675 81
171 278
141 319
695 625
892 749
253 984
479 547
158 103
475 818
972 661
377 9
81 57
295 333
791 37
596 764
766 462
692 737
775 783
850 697
690 395
122 376
388 787
837 530
602 886
950 182
227 597
168 729
529 136
193 330
148 960
265 376
350 444
302 394
580 189
970 939
872 815
446 123
474 253
80 617
588 36
205 251
300 935
715 845
923 657
706 286
591 544
988 380
218 350
263 317
729 458
269 134
234 767
898 846
65 188
150 238
763 501
604 171
730 839
41 342
971 246
889 748
216 663
841 685
141 351
947 296
16 726
880 278
931 905
436 882
232 762
737 771
859 470
46 708
433 414
854 553
792 516
311 347
89 441
926 361
261 907
135 82
361 173
798 572
833 14
472 201
67 601
29 811
525 845
883 844
305 266
862 1001
538 766
250 925
62 762
812 736
970 673
358 379
49 979
819 26
704 925
961 435
162 254
745 572
617 85
6 765
462 68
503 138
315 883
538 656
477 542
503 266
460 634
837 232
138 434
40 794
627 157
140 778
457 817
775 482
470 549
126 959
513 846
152 926
648 961
318 617
622 58
633 743
836 731
309 241
233 948
507 1001
119 451
783 61
834 958
504 355
155 38
554 463
420 791
468 835
139 669
184 355
18 481
524 886
32 261
545 210
21 884
713 779
413 733
232 60
823 44
765 674
507 967
682 739
701 486
650 649
744 356
218 309
51 937
284 334
504 244
932 309
797 450
184 33
71 161
238 426
292 413
637 990
826 273
125 428
299 995
54 644
598 498
55 935
732 10
741 444
318 909
176 215
880 250
776 476
603 233
481 675
228 449
516 379
209 666
544 607
80 647
40 548
711 752
799 221
484 120
528 732
854 562
481 666
651 223
91 600
976 198
253 635
240 370
29 608
605 725
775 586
193 853
19 835
501 744
586 875
64 617
602 927
401 168
458 747
95 667
14 808
374 284
45 139
239 483
587 812
341 651
426 19
173 205
245 734
2 151
860 316
808 531
330 283
597 69
840 241
234 32
534 464
920 547
317 121
888 208
779 102
111 499
937 561
396 675
623 27
749 446
595 766
513 480
350 176
588 989
416 105
300 335
651 406
516 41
97 230
848 607
605 974
111 998
207 905
613 971
355 523
38 280
170 726
278 313
27 85
189 419
984 175
149 543
159 678
21 413
632 983
711 376
436 84
497 577
965 627
135 666
490 596
221 469
977 909
273 558
862 279
185 373
936 157
156 379
90 673
403 853
91 592
824 206
413 496
892 664
173 988
942 572
974 767
262 930
120 768
7 312
589 715
774 39
103 803
221 795
518 919
45 758
85 251
856 732
591 739
394 658
347 732
900 934
620 839
331 954
897 884
963 849
148 935
340 723
512 710
914 675
926 857
673 963
127 642
902 352
93 151
34 176
922 138
86 713
283 145
290 304
587 699
303 627
171 735
603 152
182 906
942 77
598 584
514 299
749 393
298 998
743 524
645 737
32 665
440 634
444 843
912 840
411 443
990 533
127 690
1001 528
986 441
823 463
680 235
494 573
636 367
13 945
668 428
827 155
838 555
813 481
653 560
7 789
812 410
0 247
693 969
471 168
57 303
337 255
756 377
887 624
714 984
418 758
47 614
146 284
876 252
38 275
543 201
994 235
394 323
740 39
627 158
183 587
72 298
88 534
321 716
964 422
391 900
32 704
522 459
474 976
322 197
911 890
2 997
70 546
580 338
990 379
675 730
874 13
263 158
777 260
130 631
272 694
219 348
989 182
808 977
921 377
155 487
497 303
886 170
260 110
76 269
0 601
906 834
603 883
406 269
520 201
421 620
448 363
470 212
963 955
30 793
920 514
671 99
731 294
4 653
565 298
465 125
830 18
1001 75
158 820
463 289
665 951
624 864
277 226
380 490
761 612
915 740
741 213
353 679
392 1
413 272
622 842
354 338
658 689
432 709
500 87
374 931
400 739
154 584
328 749
743 35
700 653
295 772
296 247
366 559
425 696
72 851
470 941
931 523
760 995
362 149
475 34
909 655
918 87
864 202
484 441
669 38
563 354
841 760
198 207
865 474
45 293
253 29
458 993
18 44
951 638
868 44
803 12
725 926
392 992
774 130
603 258
192 835
724 572
652 779
395 925
705 701
874 155
553 966
844 237
107 929
654 896
717 892
619 103
394 711
732 511
710 995
545 248
527 145
400 998
303 913
797 301
579 917
387 800
622 529
925 387
646 922
631 270
663 382
179 541
13 308
869 892
754 818
285 738
856 723
647 23
896 191
142 732
652 743
892 818
792 741
164 555
482 954
137 998
685 983
995 283
138 9
978 506
790 383
794 949
720 209
724 906
312 923
694 308
646 457
374 794
842 223
190 820
725 203
95 254
695 783
921 578
55 634
280 736
882 35
122 822
371 532
97 179
162 715
829 417
233 841
314 377
687 123
557 828
254 741
799 528
937 85
113 889
546 494
946 854
78 664
762 365
113 35
847 975
531 571
962 499
986 5
885 492
500 939
380 300
963 929
378 739
620 311
818 357
181 766
335 460
41 834
345 493
842 977
489 394
547 899
77 253
958 124
639 822
47 205
945 360
551 137
783 635
594 576
252 125
424 621
451 236
905 185
676 3
27 729
934 654
942 253
7 827
667 109
536 666
139 786
579 727
984 697
240 321
872 129
623 653
145 803
942 213
761 353
127 920
76 149
480 34
996 713
591 173
809 341
891 874
225 964
920 645
280 825
605 689
481 412
686 774
636 127
206 585
304 822
94 161
891 6
648 225
76 976
77 843
741 536
234 522
540 120
589 670
21 3
613 902
610 92
330 801
619 660
897 156
69 500
495 831
175 275
808 583
722 968
757 453
72 203
128 220
490 170
389 700
315 876
655 561
293 454
468 754
991 572
885 457
186 194
452 933
968 846
465 445
806 843
904 339
495 841
709 995
854 607
745 495
776 192
974 922
15 963
127 478
605 627
442 376
662 415
526 544
17 195
156 236
746 614
230 826
499 873
588 442
830 96
697 589
947 335
453 427
585 684
25 93
146 361
880 49
11 929
864 268
877 386
741 134
815 827
35 133
420 535
491 321
744 411
951 635
690 218
332 270
970 675
757 652
872 85
793 451
682 736
581 470
573 462
819 343
892 295
205 579
22 809
542 173
409 951
112 37
413 566
972 971
65 316
665 658
624 304
574 902
53 726
583 384
514 687
466 97
838 293
427 855
744 665
50 783
886 954
164 72
445 933
306 809
786 618
187 985
273 795
814 721
157 494
377 522
273 279
208 655
738 903
465 555
598 279
823 141
784 506
436 252
592 625
480 497
542 259
870 766
59 79
520 442
738 967
948 646
730 334
166 247
767 980
978 816
723 126
107 704
144 96
158 54
178 720
289 288
613 792
400 27
524 671
535 127
515 726
901 443
390 652
541 464
95 786
19 684
341 180
569 155
331 330
910 702
146 693
342 285
183 840
285 62
133 993
231 460
249 302
780 690
627 402
341 503
240 641
547 12
142 906
311 86
355 129
946 202
868 875
332 594
199 21
166 7
756 715
758 360
162 117
302 114
557 578
866 955
4 974
622 412
611 561
466 129
638 875
218 12
481 904
77 304
477 180
955 139
460 143
49 897
533 681
63 200
842 819
138 69
816 783
172 584
813 565
41 395
738 212
587 665
132 372
210 374
458 737
248 475
851 542
380 529
686 42
894 643
292 154
362 219
737 771
73 191
543 548
128 948
632 660
198 421
500 208
912 594
213 948
123 856
946 184
292 484
531 614
523 91
525 757
900 187
595 514
417 306
794 713
821 468
494 831
482 375
719 955
468 793
723 890
467 364
907 485
971 974
926 834
240 529
794 494
523 984
769 723
745 470
441 622
108 80
2 703
683 199
78 140
563 584
319 518
729 841
164 599
149 439
11 322
730 134
270 547
545 374
6 777
505 917
549 129
377 276
676 260
517 469
807 574
835 454
596 64
396 735
224 164
708 876
157 893
487 9
972 165
167 35
638 492
10 621
528 274
601 17
640 639
31 744
720 737
626 427
748 308
174 244
857 460
827 147
670 83
553 339
534 712
704 66
366 774
307 627
354 988
212 923
179 464
982 219
580 577
351 466
192 94
451 262
102 465
718 211
920 191
672 502
633 387
682 995
748 481
298 381
174 618
185 156
429 584
666 118
122 596
357 235
529 91
439 452
378 298
215 569
566 425
240 597
938 869
198 464
460 490
983 578
838 236
901 498
494 52
293 895
372 396
943 103
503 581
351 397
205 231
372 91
516 822
983 949
891 999
63 401
853 324
12 949
664 312
378 778
535 850
526 32
53 758
449 759
73 315
872 432
957 913
710 257
416 490
30 46
43 512
310 219
997 784
248 784
473 717
649 467
828 283
265 728
787 742
206 919
462 419
39 737
650 9
601 810
613 688
936 763
836 867
226 535
308 997
538 384
819 277
832 860
716 125
10 227
771 445
587 929
706 594
807 137
36 554
916 642
337 692
341 229
457 193
749 940
375 133
186 821
623 538
502 73
846 233
253 848
295 519
401 465
823 988
551 979
135 688
380 273
598 781
604 328
236 183
972 57
316 176
25 300
78 684
874 225
890 600
98 326
798 822
217 960
627 261
116 562
695 578
557 459
779 623
321 525
58 516
976 278
791 155
783 740
709 246
567 728
88 377
898 631
605 634
52 655
651 506
637 468
807 698
847 60
114 980
665 464
965 563
854 351
183 522
528 256
72 739
84 228
997 55
660 535
450 586
243 838
223 483
854 702
607 214
705 101
230 653
6 982
988 772
588 457
169 917
530 695
266 626
566 386
203 63
183 731
103 597
361 281
814 179
19 835
382 296
912 478
257 281
861 212
433 244
664 7
443 623
201 265
557 726
958 613
887 585
822 178
392 93
795 719
775 979
74 404
240 834
342 551
532 390
956 23
871 655
532 797
984 409
809 571
115 684
590 691
99 316
438 582
951 93
29 942
655 218
701 955
916 480
294 782
628 488
870 175
235 488
861 261
13 347
342 758
551 582
643 898
969 818
291 718
799 255
24 827
605 147
49 41
550 675
405 363
731 944
706 983
458 182
197 603
435 726
515 333
123 367
93 626
849 294
86 112
218 484
263 258
824 896
999 796
316 512
169 40
674 704
816 829
293 485
985 775
398 80
746 972
110 484
236 802
63 933
340 767
491 162
821 42
359 797
597 472
538 633
591 902
128 120
651 762
955 734
698 322
466 835
592 717
749 319
43 254
194 364
875 741
54 21
740 877
693 288
909 977
939 790
308 992
260 928
572 192
796 691
926 404
182 383
133 777
173 407
507 698
739 946
914 531
511 457
629 246
506 818
876 927
357 96
5 137
68 173
892 877
26 578
782 74
93 953
899 146
397 194
347 648
271 485
949 681
725 995
443 149
130 512
167 921
987 564
846 926
199 86
662 857
499 940
711 589
215 278
593 581
793 565
886 729
278 776
609 431
116 849
967 965
530 60
300 366
403 513
841 728
682 802
763 776
915 13
666 734
325 421
885 387
559 639
634 99
146 46
797 885
431 887
495 549
111 743
146 237
454 298
907 503
849 777
277 294
78 905
971 781
952 661
221 767
444 87
203 927
633 613
501 451
611 581
609 974
664 163
384 659
352 271
292 323
20 781
442 187
58 285
767 289
96 739
246 322
89 1000
187 899
454 961
916 507
573 879
333 205
238 533
771 893
91 713
975 130
282 602
600 485
581 149
415 425
237 906
44 192
747 454
542 519
20 405
845 500
593 345
256 333
541 684
260 906
697 171
484 847
586 124
708 913
105 849
239 798
399 747
165 261
801 626
627 765
586 470
567 922
172 413
560 696
488 796
171 722
613 975
663 808
80 426
668 211
469 194
397 587
955 990
808 257
8 522
672 151
839 356
404 285
342 484
312 12
381 296
317 889
554 733
872 136
89 603
224 956
284 741
568 250
526 238
632 621
731 604
10 285
394 79
991 270
333 626
782 966
373 266
423 869
834 278
130 722
375 522
174 884
350 229
75 5
816 838
858 310
223 400
546 653
161 439
860 545
860 782
165 739
939 506
583 641
354 362
647 407
283 323
204 703
927 23
271 370
288 72
617 2
81 764
991 874
805 551
256 301
229 470
991 81
945 607
358 660
507 240
18 952
614 804
643 77
953 81
202 91
775 897
661 901
715 193
347 975
220 761
381 717
577 784
53 922
54 323
152 866
808 86
946 505
690 709
371 41
813 543
372 163
291 272
427 508
935 784
942 44
836 645
187 678
511 209
570 492
965 762
910 568
387 165
72 948
324 116
421 619
426 907
160 293
317 361
890 525
227 301
631 353
849 408
25 749
50 116
996 469
679 194
792 311
425 966
490 956
966 953
80 200
312 787
900 410
4 944
559 720
713 665
615 637
993 179
655 186
240 309
937 775
359 450
590 816
127 474
163 452
782 654
302 399
639 294
295 915
303 381
501 542
849 320
525 483
729 320
162 689
763 876
98 143
833 106
627 856
974 333
709 605
921 519
195 58
231 850
320 186
642 569
763 833
100 175
668 604
16 161
474 19
76 877
342 351
378 846
779 915
97 883
592 985
548 76
42 641
569 543
977 13
328 674
512 912
802 746
24 495
243 210
786 897
948 874
856 561
10 837
147 281
822 674
692 151
583 742
858 289
13 840
370 853
353 925
54 460
363 53
936 614
79 918
630 749
282 619
477 634
167 303
529 405
910 435
126 246
420 729
910 262
211 900
227 646
166 155
207 565
923 86
588 73
838 913
703 962
961 283
965 252
645 639
872 658
239 889
244 851
580 615
137 96
793 596
167 846
124 658
347 341
938 23
12 342
805 773
680 827
223 760
425 347
764 253
565 705
388 242
341 988
309 292
941 596
109 854
112 739
181 928
800 292
496 157
551 905
320 389
909 389
409 266
383 659
221 391
746 65
750 334
327 282
673 691
114 158
690 56
546 632
333 42
970 877
898 528
95 669
745 662
270 5
420 446
879 598
139 178
530 547
821 573
361 541
726 329
692 259
547 283
404 72
442 705
474 690
407 757
163 34
872 297
618 983
129 614
580 378
451 507
588 402
839 247
135 842
475 914
872 814
48 782
946 118
970 132
554 656
634 644
353 917
941 158
312 427
865 770
473 344
410 459
794 749
415 784
333 396
900 763
271 871
115 460
758 405
585 942
222 13
246 45
987 156
288 865
505 520
676 854
697 949
947 18
466 788
702 495
785 710
191 720
583 79
694 735
980 852
602 369
407 367
783 278
100 673
57 742
836 955
491 805
436 9
733 794
919 220
751 420
828 802
566 774
802 680
116 126
209 893
888 373
865 252
625 143
552 765
42 761
832 869
481 826
89 669
631 235
485 999
978 425
62 424
540 851
148 655
945 841
598 388
27 369
130 13
306 845
845 501
100 148
372 448
471 533
719 193
335 495
747 106
438 306
150 351
167 551
141 677
176 917
482 823
686 583
825 393
477 574
187 942
156 412
28 184
605 794
849 665
37 877
974 950
852 579
811 403
841 599
936 496
438 341
269 57
585 458
500 602
645 863
808 28
308 931
903 606
982 45
16 926
870 981
59 147
923 719
924 307
566 136
790 285
410 747
567 580
125 383
123 846
56 659
640 753
600 112
236 982
850 855
906 835
119 929
408 488
360 909
755 35
673 333
693 532
301 521
491 18
164 278
495 222
917 971
448 948
523 888
929 693
912 340
524 678
104 954
487 847
246 540
477 833
244 686
86 962
685 55
332 310
463 477
169 791
859 566
595 8
951 723
24 253
824 965
475 502
122 453
610 629
830 757
954 664
519 649
922 645
49 697
580 867
2 27
231 862
999 830
493 459
52 708
814 937
349 933
728 67
711 884
712 638
794 474
510 164
47 303
760 563
139 770
68 348
700 798
714 454
468 32
113 114
404 243
381 784
66 728
386 19
551 649
941 799
313 85
731 890
299 938
624 967
577 632
556 381
919 165
951 938
337 371
319 727
240 280
578 166
775 95
380 963
484 643
601 309
102 614
509 824
340 187
936 38
479 297
302 508
613 199
868 781
253 323
896 103
599 850
456 642
11 634
880 787
952 274
309 210
481 539
697 547
24 719
56 196
99 824
109 684
943 467
732 982
348 734
564 763
791 451
84 663
131 214
383 619
316 705
523 57
106 933
101 917
223 549
419 772
373 646
752 165
377 340
805 312
37 535
277 178
576 240
39 76
189 317
680 76
122 819
357 182
591 791
262 45
187 228
475 57
479 518
59 392
837 0
236 6
352 669
677 194
632 353
506 458
560 76
262 99
152 663
393 561
176 677
301 415
421 756
784 600
264 618
886 50
566 786
909 48
169 640
710 275
803 977
133 637
328 141
582 232
349 387
847 591
209 473
964 299
585 620
577 320
342 204
504 728
240 605
517 647
174 101
527 178
543 384
704 80
183 739
5 462
298 86
783 967
234 492
321 239
260 69
253 635
568 697
935 835
850 433
613 517
728 793
268 721
382 596
834 572
545 369
162 502
161 755
297 581
670 28
392 261
41 317
450 839
990 133
118 645
512 907
427 108
610 319
835 877
631 608
58 531
992 313
300 393
992 554
33 498
794 785
123 517
125 92
721 923
693 857
721 892
564 448
663 212
636 688
828 327
214 944
472 376
115 121
287 489
748 121
761 263
13 479
480 385
197 469
222 761
761 981
457 247
890 519
910 495
985 850
943 525
249 804
867 255
158 634
945 457
650 330
894 333
754 957
87 533
616 257
181 156
252 854
256 87
613 775
26 45
291 922
224 711
562 327
893 832
684 124
956 656
625 10
772 281
447 597
728 282
510 649
15 208
629 730
905 498
987 149
208 710
272 34
255 202
666 840
899 254
94 595
355 900
437 331
10 922
555 50
18 78
85 396
841 454
345 944
208 427
546 89
986 395
22 514
174 32
136 413
172 361
980 588
834 702
554 149
904 154
443 273
746 77
891 769
944 22
805 469
916 608
117 611
585 470
848 274
105 215
826 987
531 367
593 180
248 129
680 586
235 521
333 418
745 471
7 43
542 118
385 338
247 159
899 597
597 546
20 507
568 199
860 114
751 573
774 235
121 101
636 42
902 282
72 830
568 956
833 930
386 407
744 772
923 504
432 130
492 459
2 3 13 2
-100 -101 -101 -101 -100 -101 -100 -101 -100 -100 -101 -100 -101
-100 -101 -100 -100 -100 -101 -100 -101 -100 -100 -100 -101 -101
-101 -100 -100 -101 -101 -100 -100 -101 -100 -100 -100 -100 -100
-101 -101 -100 -100 -100 -101 -101 -100 -101 -101 -100 -101 -101
-100 -101 -100 -101 -101 -100 -100 -100 -100 -100 -101 -100 -100
-101 -100 -100 -101 -100 -100 -101 -101 -101 -101 -101 -101 -101
-100 -100 -100 -100 -100 -100 -100 -101 -101 -101 -101 -100 -101
-101 -100 -100 -100 -100 -100 -101 -100 -101 -101 -100 -101 -100
-100 -100 -100 -101 -101 -100 -101 -101 -101 -100 -101 -100 -100
-100 -100 -101 -101 -101 -100 -101 -100 -101 -101 -101 -100 -100
-101 -101 -100 -100 -101 -100 -100 -101 -101 -101 -101 -100 -101
-101 -101 -100 -101 -100 -100 -100 -100 -101 -101 -101 -100 -100
