1 1 10
299
858
656
21
577
886
848
899
817
283
10 5 7 11
254 443 381 298 558 380 860
483 396 253 657 9 938 971
194 335 588 858 199 54 87
14 373 101 -7 523 -25 511
48 40 916 128 642 909 0
292 186 375 906 609 375 -29
723 943 733 57 28 630 963
-32 952 344 404 496 150 110
66 923 832 173 333 179 947
72 718 458 997 342 499 754
33 918 734 814 641 128 548
-45 140 92 823 169 626 225
517 602 -91 928 11 907 -39
988 103 687 914 50 188 115
582 845 54 -100 543 504 625
816 119 293 91 543 774 430
77 197 506 73 462 581 939
330 637 856 301 83 817 491
126 414 292 59 958 -87 133
400 926 498 209 903 893 148
78 217 87 1 17 485 639
-32 966 630 816 137 -64 817
66 279 112 509 -93 529 93
974 803 831 393 583 140 179
746 87 635 399 311 -99 866
515 386 42 -4 610 992 399
-75 265 955 678 340 493 647
798 792 513 77 133 195 389
145 -68 582 -11 316 209 55
594 155 237 332 366 391 543
250 -10 359 927 808 565 168
221 383 -44 916 335 25 672
163 -80 99 969 78 186 317
-91 595 991 113 84 512 291
906 494 391 937 905 209 500
324 689 149 657 748 343 106
960 868 640 56 -97 -59 767
158 212 563 541 532 153 86
232 133 657 98 215 247 52
-50 960 507 762 258 763 501
668 -56 -4 459 609 502 600
290 390 350 356 951 528 904
497 896 994 220 912 713 593
461 384 189 825 107 366 603
892 707 668 107 742 309 2
371 476 715 527 378 725 544
870 424 245 270 991 788 440
502 117 189 605 291 534 920
264 981 347 492 266 724 510
70 460 63 463 511 105 556
601 113 146 410 748 973 128
254 0 350 631 515 -95 -14
816 920 262 988 827 35 239
933 153 850 304 305 -71 -88
97 -65 444 805 959 277 240
418 238 357 988 496 267 842
-60 984 825 149 -28 140 761
471 16 762 326 905 731 496
889 814 334 337 944 681 381
351 426 143 603 209 -78 341
697 85 291 864 280 675 933
258 629 92 514 960 867 4
796 752 232 603 1000 968 122
106 488 539 562 387 349 823
913 923 396 851 936 193 -64
702 -45 680 748 375 1000 648
855 84 770 569 697 577 734
56 -76 866 854 31 -72 -25
-21 849 52 937 506 492 369
698 809 340 455 690 678 931
675 661 515 609 672 232 -36
484 77 841 498 410 491 893
150 391 852 963 413 356 792
-97 980 286 709 -82 20 398
282 906 274 419 842 578 847
458 670 168 580 -2 425 263
766 935 977 550 734 894 124
993 58 23 839 545 670 -21
238 522 707 -71 312 92 125
677 -46 597 347 221 261 864
862 474 54 816 587 912 843
402 794 738 387 548 102 720
58 774 348 989 865 -14 444
457 993 228 507 457 67 644
-25 -35 162 5 231 353 859
595 323 -34 827 129 712 822
374 538 -42 474 -32 43 848
424 267 928 146 240 -89 543
300 -1 362 898 496 557 332
437 92 518 -95 269 637 137
852 454 443 158 305 -42 513
93 770 -40 136 101 963 511
444 672 356 82 396 754 291
370 -60 362 240 194 -83 965
494 747 858 182 47 937 -1
215 857 488 216 667 923 -71
811 530 -2 764 228 973 -16
185 291 787 -91 649 169 697
87 285 294 8 464 463 580
324 490 780 -39 761 217 305
948 112 914 813 744 -25 971
647 213 340 52 -75 889 486
484 958 623 131 353 834 679
815 986 177 592 78 129 354
818 864 -19 41 862 24 474
377 260 811 839 25 575 762
335 165 759 627 584 95 49
459 383 777 -60 783 557 232
478 392 87 671 830 865 750
870 598 351 597 816 392 510
711 777 147 33 770 545 961
160 680 319 864 462 119 452
502 175 64 810 -13 574 204
396 715 -91 797 820 72 670
302 737 957 600 153 755 308
849 453 596 883 -69 939 7
421 354 695 778 -21 276 926
824 926 827 904 841 279 807
487 379 419 38 230 384 680
362 777 827 -21 812 954 301
166 114 647 66 472 459 -79
93 260 382 194 674 359 480
420 819 156 442 410 -36 514
351 631 338 510 464 572 442
970 473 446 993 187 90 555
-54 988 853 195 -27 -76 126
754 94 -88 822 128 -45 -101
98 972 111 786 47 -2 358
572 332 815 345 969 958 138
861 95 552 539 779 -99 542
700 546 -16 -7 12 -95 509
663 636 62 236 15 329 30
131 239 554 89 232 763 674
212 15 832 407 826 507 855
-90 135 396 747 678 599 126
925 162 422 860 595 759 395
853 638 390 442 978 101 348
156 -86 82 662 48 36 307
611 22 932 258 -49 947 594
549 -81 581 419 454 24 193
55 302 721 317 652 723 71
34 682 843 587 464 -31 826
845 805 76 781 892 -10 360
676 269 263 186 724 544 487
282 552 374 620 166 857 633
482 582 209 672 206 11 732
833 574 619 736 451 37 134
293 26 27 215 71 453 292
881 804 520 -83 -96 492 821
215 825 437 683 239 283 512
921 -60 665 98 425 413 513
843 529 417 455 956 30 -59
770 938 216 523 695 33 613
871 593 177 190 372 12 832
428 542 231 490 126 314 138
-11 766 560 597 52 570 532
878 996 722 65 787 940 942
329 675 585 132 -75 378 260
-26 756 304 862 399 540 857
770 234 588 -82 526 355 -20
619 278 454 448 271 9 448
-70 491 650 403 710 875 849
413 76 982 944 724 81 955
260 880 157 574 315 571 956
112 368 61 678 364 452 652
78 376 919 26 138 -40 346
981 748 111 132 434 550 363
171 -44 489 940 -15 75 459
389 105 440 -95 745 937 308
530 871 617 986 263 197 303
795 420 853 775 50 567 384
283 471 522 302 757 239 557
-2 674 402 869 780 167 295
985 680 811 671 342 -32 997
309 962 783 240 734 369 145
308 116 11 700 438 576 -6
927 620 859 212 144 568 396
-78 628 169 727 605 557 867
-53 650 136 574 996 499 874
-55 888 819 386 962 271 345
920 548 487 88 671 521 628
135 479 754 659 620 149 52
152 552 -92 700 343 646 -60
129 845 972 -24 803 383 684
390 -36 667 578 469 71 -6
210 33 228 717 52 369 384
230 982 723 700 715 454 117
771 -91 567 929 823 649 249
666 690 178 -35 -32 387 440
785 919 862 696 563 536 -36
575 19 60 153 782 559 347
-23 682 573 511 399 -29 511
251 685 753 893 -100 0 181
713 939 685 133 646 232 422
176 660 535 73 786 377 638
494 288 234 789 82 880 142
381 882 781 227 474 980 394
835 393 370 493 89 162 660
136 -12 -77 -43 637 303 631
-56 315 -46 632 584 106 461
413 956 707 557 695 977 693
667 244 771 59 24 574 814
192 -24 865 21 331 869 117
533 892 686 555 840 101 -10
338 522 835 125 711 347 92
776 678 46 793 782 818 652
106 198 624 299 -19 940 -21
28 104 92 385 496 664 749
922 400 120 939 179 496 928
317 57 -28 184 35 275 598
645 121 728 254 309 513 338
864 -3 686 335 57 132 424
670 945 709 351 502 580 352
448 293 451 562 889 889 397
644 395 219 -56 481 379 111
746 93 -70 785 344 883 423
400 434 359 850 600 -36 139
470 270 -9 517 708 450 742
576 614 549 443 900 64 742
792 109 742 707 759 833 -52
792 843 886 366 328 769 154
648 -21 412 15 -84 527 -64
386 324 854 229 704 179 913
514 216 175 302 340 992 598
-43 156 592 -24 424 703 862
8 505 440 700 167 241 572
854 -73 -60 215 589 370 833
290 325 362 892 345 922 805
814 397 276 433 778 521 671
112 466 585 96 126 247 566
537 829 456 991 367 -62 -2
305 210 509 437 247 589 411
564 510 992 644 83 -90 32
139 806 556 -67 812 344 702
638 613 254 922 174 918 773
302 773 -90 847 289 -5 230
473 422 779 237 -92 450 92
925 323 972 213 39 409 12
704 700 804 278 61 604 966
458 331 312 902 96 406 624
258 -7 276 3 887 929 586
159 351 593 407 825 18 52
673 581 401 0 44 736 168
288 611 81 771 487 35 466
962 702 923 935 568 895 570
554 680 814 715 884 460 820
414 810 -95 52 685 188 338
129 -16 687 944 625 170 660
-84 8 467 987 153 975 287
921 185 148 415 731 813 699
901 209 496 -3 3 853 972
827 602 457 987 85 104 500
806 808 4 854 801 237 886
514 558 935 593 856 57 675
452 493 120 968 37 456 451
390 751 728 408 459 601 224
454 514 207 325 473 272 901
-51 784 601 417 -62 353 432
328 636 404 415 864 873 391
610 726 771 322 649 588 838
928 13 351 235 469 205 499
222 315 217 -98 852 455 283
498 849 826 99 510 199 661
799 73 130 557 37 95 728
-88 -73 59 175 764 105 108
614 236 355 183 36 -33 -8
-36 938 785 -88 339 800 199
960 220 343 426 544 411 10
923 -39 667 642 759 146 724
-73 828 401 304 601 701 699
-19 732 818 872 827 808 273
924 272 436 193 653 682 303
414 301 768 59 772 671 8
495 37 943 443 985 316 799
828 103 82 319 522 -85 873
892 348 456 706 926 801 -27
304 878 224 -99 -19 840 722
690 468 765 533 856 -53 -34
146 699 -37 290 -97 29 605
430 127 341 476 120 -20 -49
46 117 27 814 719 531 860
10 -78 973 666 707 465 825
-79 -58 975 -99 948 800 12
478 985 264 694 73 936 -13
63 843 581 961 -7 750 756
898 622 994 45 842 288 637
345 513 921 824 844 444 916
538 35 307 323 296 339 10
218 132 161 14 -11 376 29
619 487 653 804 -30 855 364
662 3 870 513 854 376 129
988 877 843 327 -12 803 317
125 223 300 6 -15 640 549
21 314 205 811 81 796 -58
951 210 365 -21 938 747 670
844 270 210 243 128 213 64
143 156 692 950 460 846 -76
295 522 5 852 776 870 645
792 363 935 979 698 138 405
293 623 193 910 354 596 752
410 926 518 -1 785 500 499
299 463 410 183 935 793 -48
385 236 858 76 724 356 209
617 548 416 111 999 158 131
500 312 324 191 941 751 400
809 949 228 471 417 838 765
656 -75 649 919 724 243 543
50 983 191 639 -84 802 707
434 993 133 565 559 512 806
295 707 297 665 376 643 826
405 436 113 264 736 -92 590
347 648 45 798 254 762 431
794 68 882 917 389 541 961
937 200 714 769 173 337 916
990 956 696 478 725 87 891
152 437 844 692 651 -44 794
795 872 453 51 695 -43 825
986 204 144 14 262 330 403
755 16 256 -55 455 433 212
776 77 48 -90 961 484 820
432 179 963 958 38 127 541
-70 809 163 38 849 441 727
543 748 262 595 440 182 422
-36 908 145 120 854 325 632
733 -61 626 342 792 222 22
712 106 530 350 -54 117 659
639 915 386 -15 -58 871 327
949 565 986 230 462 524 939
816 118 94 71 335 196 148
630 189 745 988 419 329 903
536 885 799 955 429 997 411
21 531 152 772 856 176 377
117 518 759 35 32 880 149
113 443 77 255 347 997 699
903 702 592 885 112 817 107
148 145 414 542 863 100 812
-1 817 174 399 323 440 996
547 263 807 775 162 937 682
788 367 50 925 421 701 887
81 564 359 379 602 248 -5
525 222 1001 -14 450 810 486
277 779 459 193 35 680 -27
420 551 854 345 824 259 410
518 365 313 -37 242 682 -75
187 302 151 32 677 519 900
87 823 51 899 312 622 261
569 811 670 738 344 58 281
106 323 187 -84 342 146 10
728 214 465 988 12 200 749
251 826 260 975 26 559 -59
919 25 482 406 807 945 606
514 674 704 -86 217 106 559
185 753 675 190 231 531 -48
1001 -3 1 400 252 641 673
438 949 685 280 551 74 478
463 384 941 83 -31 711 274
923 89 991 434 354 -96 896
945 320 265 81 -6 945 953
526 -44 170 684 166 392 306
599 490 172 904 192 293 981
805 179 725 819 2 99 292
-83 920 211 681 599 959 740
42 976 250 119 620 764 578
138 549 19 -76 269 777 467
305 685 347 78 842 979 243
858 98 507 19 885 935 837
733 285 725 70 700 139 755
185 -49 888 852 395 -87 579
3 272 605 857 833 950 241
963 674 61 322 -48 528 -40
558 262 530 -90 487 635 268
-52 532 231 406 733 220 835
-50 160 915 653 12 499 995
17 485 191 277 667 658 -55
375 599 722 -92 999 138 61
914 -97 387 27 610 405 973
488 387 -71 273 508 545 617
535 135 778 703 897 197 717
313 586 259 781 310 182 539
658 920 -90 275 557 924 326
619 41 212 322 756 417 589
210 756 138 958 354 485 60
317 278 57 259 904 877 315
656 504 246 975 220 489 699
744 831 628 962 948 946 664
525 446 894 -100 920 579 -69
337 331 570 127 -50 317 337
874 835 329 279 281 74 551
661 572 888 147 -46 626 766
175 971 -23 402 455 938 977
977 321 855 472 825 523 137
228 620 366 482 692 204 404
347 642 337 23 379 290 930
963 910 439 835 954 227 -66
219 493 -40 758 879 783 343
692 301 213 785 789 209 267
514 266 810 582 458 525 640
831 350 336 472 142 990 -15
582 182 811 952 718 72 225
375 513 197 813 74 288 94
494 100 240 156 584 345 162
376 368 825 90 443 413 -52
287 515 543 148 -11 -7 724
78 338 721 351 107 515 -68
761 665 908 437 459 604 876
134 649 294 920 266 109 741
800 198 687 896 735 706 858
730 -62 448 310 392 955 450
587 969 -58 381 853 911 531
625 -69 89 792 890 912 998
621 824 189 4 396 446 261
427 364 648 151 906 333 21
225 429 900 193 564 875 345
377 218 687 832 630 172 638
992 444 908 -91 49 403 942
216 146 501 288 779 110 276
71 14 668 449 833 911 54
244 116 307 14 357 808 510
358 78 816 -93 50 4 75
920 429 802 746 281 832 -1
595 29 231 822 -83 437 872
615 408 -84 458 -25 215 553
70 812 895 351 673 594 100
496 290 511 987 169 674 152
857 967 291 220 623 892 349
-21 -96 217 239 130 248 56
579 569 202 797 813 174 765
50 784 28 581 602 869 477
500 366 679 730 589 620 378
625 691 101 682 732 615 741
88 622 233 794 517 19 348
358 448 357 37 856 946 256
135 508 332 368 52 648 182
896 786 995 899 80 81 993
636 127 41 449 919 865 465
341 641 74 485 270 523 923
957 135 851 378 909 344 933
358 401 480 -29 144 -87 209
669 651 599 953 387 739 -45
61 846 574 147 861 902 633
695 974 665 -24 -47 540 748
378 430 399 430 166 243 162
552 93 657 974 29 82 139
516 532 834 235 15 426 326
363 394 177 612 76 170 393
307 794 966 468 821 265 -59
873 245 797 598 602 355 -90
306 829 683 857 531 612 588
852 359 596 790 969 -19 496
338 -81 805 289 572 -1 99
141 701 334 468 -53 8 639
265 945 768 329 640 165 366
774 369 4 111 856 -57 85
444 412 837 466 15 662 392
498 630 458 -19 706 539 996
109 420 657 216 -16 -63 283
696 91 699 60 713 891 39
943 973 76 154 965 13 816
82 158 866 -58 -30 258 458
787 213 256 793 546 105 618
555 742 549 327 452 294 115
610 653 -74 292 438 496 124
605 753 212 168 54 469 355
322 556 51 293 737 388 363
-44 828 423 818 33 439 574
638 895 260 251 121 706 179
288 717 799 359 856 430 711
722 213 199 314 343 878 132
211 902 675 953 927 782 265
881 181 810 290 823 573 23
266 747 639 952 756 83 292
975 410 386 443 868 642 884
636 564 738 534 720 23 204
36 -45 814 798 703 157 787
642 296 -43 383 200 23 -73
77 -75 363 86 279 1000 187
203 85 82 390 250 929 548
658 385 133 601 279 53 678
990 968 943 585 968 470 427
370 434 416 884 332 931 972
389 570 -44 91 242 719 103
631 83 -24 525 593 737 710
176 278 4 686 585 472 386
337 869 963 -75 -60 -16 897
77 799 37 384 858 -50 349
563 522 117 258 97 -53 999
383 54 647 373 961 -46 487
604 899 829 354 770 359 908
730 650 598 -75 799 66 191
-27 109 773 767 722 728 581
48 -36 815 -14 555 698 -98
428 225 358 813 862 104 470
51 872 39 265 292 477 876
989 34 584 312 754 789 975
555 274 864 48 286 439 681
983 238 -68 688 35 708 360
-65 226 1000 530 485 222 15
911 559 618 478 131 151 -32
468 18 939 871 602 191 904
789 162 877 509 804 114 144
827 890 -25 939 -17 791 271
831 499 643 848 -50 989 903
202 888 741 810 663 322 454
281 272 981 120 265 436 -59
904 156 559 365 172 138 87
194 153 116 -34 684 -85 893
305 622 870 456 428 556 735
405 408 267 320 366 140 1001
-101 190 544 282 428 427 623
565 210 -65 388 286 390 886
181 286 998 808 370 869 874
448 580 160 132 466 667 206
296 423 787 18 74 0 97
368 729 149 561 417 844 22
859 938 594 964 -79 618 391
972 -5 869 928 92 799 502
776 505 -8 865 424 266 205
59 732 418 748 386 113 702
446 528 864 124 736 728 495
196 880 832 634 833 389 97
561 252 749 538 46 407 424
387 591 319 757 395 48 203
438 70 321 34 919 -73 401
147 387 699 -88 904 925 387
869 373 -79 832 329 722 720
507 253 208 987 501 46 835
170 607 138 -73 321 856 474
179 184 976 862 509 871 1001
811 660 198 852 752 -36 447
197 827 431 816 50 84 102
188 985 -15 352 136 678 212
341 508 628 456 211 248 859
8 454 879 342 345 370 592
856 194 528 349 533 251 482
850 951 -63 333 672 -19 -85
325 950 -47 777 228 855 312
213 611 945 499 415 672 715
192 724 -57 392 78 487 690
93 502 -43 106 124 -16 -90
690 892 70 675 40 199 45
821 3 217 268 518 734 747
656 34 708 18 651 204 772
-91 850 748 616 563 403 272
-85 368 -55 815 740 958 558
708 666 109 828 558 -18 75
441 674 395 313 450 -43 188
460 485 693 406 763 440 964
849 270 436 664 752 859 52
41 -6 215 180 644 255 592
159 270 199 545 142 851 493
