1023 1 2
990
30
768
382
401
75
80
916
862
354
542
488
788
240
145
637
381
724
785
601
918
794
290
817
768
325
884
633
6
535
177
365
644
554
297
974
490
935
161
259
289
290
527
457
274
88
734
1000
464
947
154
677
398
258
437
101
279
625
253
535
339
373
891
761
339
921
50
938
968
869
901
974
639
309
608
947
895
741
270
670
174
114
39
968
301
968
419
821
955
681
257
442
16
39
894
931
230
59
188
882
46
318
818
962
900
253
636
652
637
842
802
249
104
254
239
328
599
803
164
519
887
793
880
885
23
894
157
897
573
965
276
704
277
328
108
504
865
413
479
333
169
706
816
134
991
212
794
817
324
384
536
368
521
291
811
66
579
127
661
800
37
594
328
470
127
703
598
14
587
769
31
172
154
334
570
294
473
544
928
821
47
159
318
668
568
928
819
447
271
825
922
584
154
145
339
685
186
502
625
535
411
156
378
721
722
371
768
398
99
516
34
448
133
409
470
724
754
325
678
964
298
839
662
987
300
910
435
345
363
16
580
612
365
37
696
697
1001
287
701
256
374
691
676
977
308
387
226
621
671
741
840
230
772
644
185
417
576
360
231
732
807
634
418
951
706
193
225
578
789
283
40
638
257
484
164
920
655
105
223
156
97
609
632
391
299
487
902
29
877
527
819
821
457
791
256
951
531
197
892
524
256
420
649
208
948
765
71
762
785
525
192
436
705
543
284
119
927
427
889
318
172
827
607
807
602
256
846
441
243
807
51
120
524
398
771
741
486
851
562
115
615
238
612
846
503
789
17
377
756
367
811
247
555
522
320
893
566
561
308
415
922
127
204
233
682
304
144
411
560
915
357
948
513
790
113
442
111
101
786
726
842
715
338
948
619
476
717
743
458
532
195
269
180
655
533
633
360
911
936
123
952
103
344
141
714
218
161
811
903
748
685
320
711
681
197
573
666
169
589
543
789
632
709
720
966
410
232
377
763
583
559
909
789
962
151
270
242
454
792
44
428
147
193
737
650
854
93
954
262
897
526
925
107
85
274
686
619
731
338
986
168
224
403
246
322
563
953
528
169
228
881
641
690
894
282
596
716
614
561
34
546
11
282
59
101
972
362
202
202
352
880
772
295
681
239
706
877
523
604
449
134
552
966
967
930
949
932
952
135
688
660
373
668
184
690
826
454
500
743
644
566
743
732
939
199
77
498
38
469
49
351
590
246
716
573
702
364
647
850
86
145
473
936
959
488
348
928
266
1001
174
38
111
359
985
537
12
224
173
305
759
794
784
784
97
977
729
234
705
177
263
663
144
842
884
25
673
513
10
425
357
943
20
942
157
179
764
256
174
801
190
250
996
894
659
790
280
403
105
379
237
334
633
143
920
496
886
913
649
568
820
986
15
617
945
664
990
533
821
997
617
852
123
882
344
708
672
119
795
55
819
50
492
435
480
517
264
107
838
272
201
649
378
609
728
826
516
869
923
436
888
506
855
819
484
280
624
572
350
108
550
839
135
512
220
308
278
458
820
664
985
48
164
297
879
815
859
54
491
278
1000
26
565
743
540
333
217
681
369
490
969
696
667
639
654
188
70
284
871
849
903
660
389
562
55
274
800
1
190
821
70
656
638
822
614
602
220
282
481
9
376
505
445
873
736
990
471
70
169
290
751
452
10
976
59
638
891
647
92
668
269
338
925
503
246
300
558
824
852
239
419
606
711
925
147
839
598
880
424
664
319
789
996
401
682
117
278
957
27
794
375
46
818
590
472
178
741
762
856
804
585
800
189
106
655
258
443
402
633
492
297
769
436
702
993
8
389
344
471
111
463
288
182
352
655
470
691
807
247
260
509
486
373
405
476
437
118
908
772
348
191
258
873
981
787
293
42
444
133
615
873
84
794
619
13
533
186
239
284
743
702
428
893
888
709
210
385
223
602
129
975
985
716
56
545
178
996
930
176
73
798
258
494
754
447
912
767
470
739
242
371
664
537
585
131
513
234
975
451
998
865
91
692
148
316
852
791
210
213
304
773
777
642
12
671
375
337
932
85
727
197
319
976
66
276
917
514
149
161
523
171
768
297
673
325
78
438
852
946
487
231
284
895
394
792
690
840
121
42
767
227
651
433
920
1000
144
503
109
181
321
680
247
800
804
966
514
928
25
919
773
994
18
357
484
725
54
196
560
800
510
959
543
423
3
691
336
709
554
679
312
338
283
156
110
486
946
658
704
229
974
758
647
689
527
73
74
179
163
284
561
746
177
60
483
491
545
53
585
272
461
657
223
251
81
368
652
704
255
427
684
47
728
433
437
474
792
530
288
828
39
917
827
688
519
929
741
721
336
939
369
41
576
163
190
117
244
522
573
1
936
242
604
658
102
680
710
972
940
588
282
719
789
608
73
267
911
164
814
634
289
664
277
29
900
315
111
568
899
189
992
834
278
590
863
601
634
85
483
966
632
159
206
516
303
389
350
760
471
433
732
210
817
251
434
480
867
503
62
677
232
621
328
126
633
703
178
390
943
159
640
431
996
765
740
306
277
619
119
446
36
616
645
517
258
955
921
649
82
93
210
640
81
300
347
357
567
263
576
177
922
453
798
100
704
343
77
58
857
928
714
413
640
948
791
276
494
716
679
340
729
771
533
960
556
940
217
839
38
13
673
439
84
394
81
329
743
458
435
181
454
595
564
811
729
178
58
475
522
726
212
467
488
169
391
939
443
87
441
616
623
139
120
499
199
466
639
186
467
306
662
459
945
93
233
289
951
464
314
8
20
804
488
407
409
848
253
786
525
354
268
197
188
502
844
769
838
949
437
954
942
22
778
310
715
166
166
31
567
170
573
760
551
698
914
720
583
847
740
297
436
984
27
988
438
923
102
711
721
348
295
57
950
589
974
451
57
137
905
47
910
610
99
886
487
699
150
220
828
711
821
582
372
606
960
109
74
532
652
63
217
137
817
859
161
861
62
587
779
338
320
15
580
462
559
821
284
714
130
559
831
676
644
141
539
883
875
118
329
865
855
177
829
292
692
617
100
840
25
368
815
933
425
793
391
67
233
576
107
460
564
376
27
51
107
892
162
801
553
538
495
259
299
310
796
55
251
531
300
234
700
893
653
89
27
434
156
57
422
698
411
642
920
338
326
514
375
465
975
970
652
955
319
94
872
98
753
942
554
30
572
669
169
858
914
787
768
783
370
352
633
585
873
362
732
57
634
316
876
115
266
627
837
606
77
570
599
443
361
297
271
677
168
427
728
906
191
205
100
663
587
710
74
757
49
204
664
302
882
252
202
590
518
818
32
267
935
878
533
346
964
844
402
129
43
235
140
750
419
308
340
28
414
969
673
229
677
83
483
467
44
664
365
377
318
385
445
649
607
634
117
956
539
544
879
390
86
295
797
236
958
157
897
570
881
776
915
483
869
204
855
934
916
44
14
639
182
569
875
84
662
37
677
336
256
575
346
110
239
580
388
840
709
277
522
163
901
936
275
860
892
144
405
873
757
408
928
143
495
424
547
991
663
456
318
786
446
822
705
542
182
626
447
476
540
227
303
416
88
20
754
499
842
787
401
640
821
603
985
366
153
773
407
263
300
900
555
678
460
818
611
550
144
5
859
21
356
400
354
689
166
750
761
235
66
393
936
669
299
381
20
675
140
259
326
564
417
999
706
196
944
958
562
634
465
92
924
616
240
651
200
96
622
570
85
344
934
749
773
90
733
763
269
457
201
408
49
763
114
299
945
944
883
343
620
105
201
532
949
331
774
393
976
162
895
591
75
705
102
589
847
760
49
31
805
765
62
910
144
291
616
192
770
10
340
725
305
52
301
775
236
305
56
792
524
691
902
930
484
12
31
291
957
100
666
65
15
840
669
518
696
758
457
505
462
830
700
288
68
184
491
978
152
134
725
582
772
482
840
701
307
980
394
95
20
597
278
83
943
725
971
158
990
300
131
904
186
428
80
879
259
459
388
504
939
83
940
69
657
32
682
812
955
69
47
162
124
308
542
880
954
285
923
961
718
361
74
197
270
61
21
211
942
426
461
492
882
934
210
462
782
254
415
737
802
593
749
835
428
238
490
480
984
433
742
585
6
46
29
877
245
133
993
427
373
198
649
135
55
223
157
551
352
162
324
465
181
661
373
883
350
286
838
701
367
79
566
641
984
925
607
976
117
232
49
836
332
672
303
35
705
344
995
28
150
600
970
897
786
296
861
692
958
168
298
374
420
779
393
350
538
842
781
684
373
952
787
162
340
474
201
488
274
888
591
761
173
507
919
666
644
769
220
836
914
197
234
85
306
80
700
277
658
434
767
773
809
223
808
592
318
621
104
705
766
830
727
575
714
319
326
581
949
717
933
262
804
764
909
521
255
913
870
482
985
732
576
1
363
661
230
573
796
871
755
778
165
727
720
252
623
991
9
328
147
507
918
311
888
108
951
277
564
142
429
250
215
186
357
894
937
40
527
737
696
195
873
796
367
883
307
833
168
739
544
567
421
69
447
904
190
754
830
566
903
12
130
751
777
922
840
796
450
433
892
166
730
417
815
598
982
172
17
514
632
651
492
405
96
217
124
749
44
318
404
310
392
753
843
614
140
23
315
924
365
854
758
762
23
928
776
947
298
220
463
698
469
578
2 1 13 2
124 999 791 128 570 453 588 934 15 583 247 604 218
393 6 766 158 451 -52 532 48 521 968 243 30 831
255 170 -74 95 19 315 254 88 993 -96 142 781 833
479 791 -28 302 13 -74 531 709 531 417 872 365 397
