1024 1 5
838
456
438
659
971
389
536
580
93
653
613
594
855
118
28
783
939
252
397
569
389
343
848
729
831
243
577
620
640
632
729
777
198
445
880
915
9
425
952
642
241
231
920
429
180
832
710
290
272
611
115
452
54
733
801
254
106
747
875
690
670
725
738
46
126
534
175
106
621
415
551
247
740
822
782
658
438
599
400
125
895
812
521
313
980
451
180
865
288
914
174
631
838
782
156
18
863
682
813
894
688
104
346
216
717
21
649
189
987
729
929
629
707
743
867
620
516
625
925
856
701
680
488
864
158
860
382
155
766
852
488
789
829
466
306
526
983
395
340
764
111
917
895
255
116
834
793
106
710
455
566
902
41
669
654
474
962
419
36
199
119
692
485
237
535
869
796
60
211
718
984
779
296
672
217
721
373
16
26
332
426
499
653
256
781
844
972
398
455
684
445
98
925
193
371
657
504
467
608
715
679
220
172
138
910
62
112
827
582
338
969
361
90
810
870
871
477
798
959
92
578
303
302
428
983
81
521
837
549
540
246
470
173
723
346
493
746
585
154
620
808
748
265
395
768
457
990
282
38
473
682
920
898
641
291
906
347
278
615
753
166
489
996
397
476
450
252
453
588
543
902
36
980
315
995
401
836
462
905
290
599
876
22
107
685
30
301
603
773
360
159
830
995
565
39
62
724
688
415
556
594
363
844
182
571
411
228
840
632
356
919
658
613
711
970
328
452
775
992
621
247
498
157
585
35
862
56
969
224
4
469
784
944
270
931
257
274
196
565
169
728
106
366
92
501
619
982
664
583
763
435
601
324
860
386
363
804
413
364
211
16
680
244
131
329
822
477
468
454
710
152
479
68
739
658
346
285
142
771
228
97
95
904
512
111
31
821
297
376
643
1
854
245
620
883
165
1001
847
317
31
376
715
437
730
805
906
962
43
628
41
677
395
118
510
855
746
277
98
282
235
920
758
571
41
877
230
232
811
431
68
621
76
602
234
724
559
598
122
225
142
535
339
515
655
479
155
534
277
766
5
385
190
432
186
198
755
471
188
617
612
199
340
176
213
219
460
133
200
367
810
350
134
73
495
139
577
502
577
151
270
194
668
626
455
839
997
758
712
356
892
772
660
508
424
961
406
357
418
655
654
816
861
381
282
254
20
705
402
56
628
381
681
896
733
703
143
687
655
153
351
1001
555
69
541
386
868
81
384
426
320
163
339
105
918
852
328
960
975
976
462
476
964
682
237
766
572
742
633
59
61
623
446
432
562
580
526
406
277
638
80
711
415
164
226
884
546
701
624
187
47
637
83
354
406
489
951
434
200
544
246
119
20
984
9
22
884
234
611
417
801
402
227
297
962
854
80
625
850
689
727
412
689
96
601
314
883
677
812
233
805
87
660
611
733
679
350
615
528
841
58
109
703
331
230
632
966
749
220
840
55
171
925
536
991
277
385
114
98
759
233
987
823
822
619
678
675
983
865
850
847
200
956
151
668
287
994
377
533
752
132
306
129
885
816
236
902
342
933
728
22
452
715
254
72
149
154
142
325
62
225
329
308
38
412
574
666
328
814
807
216
723
206
255
424
142
129
488
709
998
326
815
804
27
684
113
164
399
471
796
204
546
460
392
613
59
31
241
638
72
15
117
168
235
949
817
269
541
346
326
126
338
191
34
744
7
567
375
99
105
156
274
281
158
940
889
675
957
229
718
988
183
703
79
931
462
411
776
950
213
766
848
999
836
1
803
214
679
820
77
693
378
307
46
847
904
429
522
814
405
882
161
867
357
118
216
632
781
733
30
87
502
798
267
208
483
310
355
859
611
620
418
489
158
483
781
260
233
891
870
926
90
690
912
857
21
737
115
421
567
716
934
952
843
736
344
780
34
923
514
942
723
552
499
352
930
279
674
658
872
236
877
481
920
613
823
431
639
787
886
199
230
96
742
26
182
886
818
982
485
911
163
534
875
176
136
665
797
459
96
320
322
290
791
475
455
977
744
179
144
817
395
862
374
912
625
127
525
222
803
340
627
443
498
153
974
815
688
2
310
208
672
796
812
549
18
376
374
327
317
162
947
255
93
141
691
702
401
554
665
242
411
566
995
499
289
158
155
404
675
710
503
812
499
758
203
922
241
0
371
40
145
633
918
712
693
915
744
33
137
634
382
782
453
338
9
436
882
349
916
541
50
793
736
642
478
23
452
767
399
962
115
509
428
762
104
415
629
744
377
30
232
885
19
385
19
273
722
651
768
611
514
496
579
57
706
639
244
734
909
561
803
374
837
177
631
833
632
526
533
878
464
684
331
927
252
610
159
584
567
250
441
283
406
956
508
42
984
117
302
624
845
699
7
820
683
342
879
658
53
68
436
162
187
564
485
442
852
191
698
747
136
137
62
146
573
675
810
526
494
451
383
163
754
839
667
374
413
891
828
981
172
226
303
503
816
642
557
212
70
149
783
527
511
173
0
966
976
957
383
128
701
423
161
882
458
105
831
793
656
843
233
282
730
801
231
529
138
860
134
70
830
292
145
933
687
793
922
85
47
799
569
308
282
299
1001
974
336
563
441
947
656
129
377
965
290
381
304
312
278
976
640
159
577
429
128
865
88
376
637
234
475
923
180
955
670
643
829
836
328
832
930
473
594
920
121
234
570
721
746
503
360
379
851
646
744
20
330
531
568
79
494
426
78
290
659
159
253
155
24
849
481
272
845
659
843
965
654
225
238
346
113
749
503
780
997
464
299
54
920
588
227
327
515
45
319
847
542
991
371
607
126
940
586
610
28
76
287
848
134
72
311
885
89
177
420
590
653
368
286
531
499
319
192
422
48
20
771
337
526
128
711
632
680
450
84
302
376
589
432
671
38
288
550
341
341
276
318
583
674
928
818
821
581
263
467
489
762
709
829
188
898
304
434
793
258
808
593
477
405
625
877
25
203
118
859
910
41
496
855
235
875
921
367
799
701
436
986
847
146
259
740
852
302
84
704
766
53
47
470
309
721
155
580
994
470
536
53
269
715
547
928
203
342
853
653
447
243
964
21
17
414
776
469
505
938
798
659
282
183
628
770
729
482
165
45
764
604
675
261
45
46
426
332
991
826
978
397
825
339
362
538
782
725
732
980
407
0
864
309
538
262
943
171
748
555
934
628
425
865
219
461
80
681
552
910
418
631
863
531
415
379
6
578
668
521
158
289
572
357
104
232
417
265
801
282
831
766
835
334
936
250
884
640
719
60
581
366
426
231
72
894
4
755
804
42
73
71
556
664
804
774
471
282
732
421
733
608
795
848
663
189
17
82
963
443
316
548
425
882
753
645
652
316
707
780
152
378
87
362
937
450
212
588
790
367
925
768
542
756
384
216
750
838
340
75
226
432
830
925
788
744
63
496
345
618
24
609
757
817
296
985
116
916
101
174
138
215
573
837
124
579
641
710
138
8
260
852
168
883
573
650
29
601
240
311
562
995
296
351
808
899
29
210
500
0
478
456
172
838
523
758
183
451
9
206
129
819
682
665
950
857
313
327
240
1001
415
803
922
64
151
451
54
658
96
43
270
724
108
18
887
209
789
237
368
137
261
421
735
691
605
370
372
125
735
219
526
865
391
387
713
283
212
631
501
339
559
318
773
840
589
937
91
623
39
692
7
850
287
310
780
247
881
920
8
353
12
414
891
103
104
550
135
59
408
451
410
241
209
124
102
297
679
76
594
353
16
705
372
104
864
369
212
125
878
825
501
924
1001
695
229
649
945
80
257
885
286
308
921
522
947
464
544
887
411
373
7
767
855
583
233
649
994
925
947
446
265
16
5
862
151
118
48
707
867
275
505
573
337
892
73
984
797
431
723
126
858
118
519
202
988
583
958
665
883
563
525
461
619
69
210
672
454
95
919
42
914
943
944
146
185
961
940
113
350
733
761
306
578
601
715
479
433
316
308
572
326
743
410
708
318
945
196
843
128
376
163
120
785
435
530
43
87
864
773
580
312
971
494
810
479
781
429
394
545
216
27
545
129
755
674
898
640
544
755
717
32
847
199
127
746
231
851
507
634
172
759
137
726
644
24
17
441
606
836
854
663
941
691
923
370
316
350
931
793
139
133
971
109
242
743
675
650
984
195
485
14
29
258
444
91
56
347
139
737
506
257
690
973
664
383
882
361
743
693
469
404
913
998
329
326
519
647
895
457
10
631
184
580
755
241
40
978
176
381
530
297
913
317
850
235
229
805
834
116
31
161
104
351
141
816
1000
514
204
496
769
362
449
976
830
550
124
737
499
455
339
522
777
541
259
790
847
435
193
470
37
441
474
124
843
179
367
686
543
247
712
505
703
617
559
241
172
664
755
577
27
848
588
639
713
993
967
17
224
873
884
979
42
154
800
299
405
541
191
89
388
583
250
790
113
414
932
157
694
856
623
643
785
530
803
342
440
165
233
165
514
590
365
114
149
483
538
890
384
613
180
811
266
958
375
284
125
421
69
772
363
52
38
326
954
837
847
936
814
664
612
179
469
599
656
292
684
947
951
430
225
515
311
116
233
596
408
964
610
322
963
838
577
630
965
742
409
984
997
164
922
553
134
421
360
108
429
507
520
394
138
745
814
989
369
512
303
453
775
896
937
172
774
351
22
721
301
327
228
0
104
815
397
733
872
447
435
209
262
995
648
844
994
610
770
83
977
839
353
339
978
957
602
549
787
328
627
215
544
659
74
725
372
903
153
609
794
881
685
243
606
876
907
639
142
516
392
660
212
756
68
678
518
951
372
447
787
678
699
174
515
684
352
18
924
503
58
507
268
279
171
32
917
296
561
29
718
421
410
27
944
456
685
920
244
910
883
600
445
870
562
397
298
289
529
105
975
956
285
684
546
602
490
274
861
935
130
822
962
7
108
138
676
595
816
338
130
173
302
94
283
888
573
196
883
93
722
444
509
563
358
83
156
538
746
570
222
680
562
323
953
231
939
413
915
619
883
423
35
243
17
604
557
876
221
572
735
5
345
280
165
287
213
251
924
68
7
417
900
481
877
606
109
540
922
611
308
3
580
654
304
774
313
106
751
627
50
497
219
449
290
551
968
392
369
695
184
91
171
920
766
128
245
868
857
473
979
275
743
76
686
952
892
134
629
423
200
165
198
388
1001
812
214
443
41
769
401
85
76
346
389
677
386
221
525
74
544
325
584
751
568
996
762
25
428
888
520
503
278
507
183
470
183
383
72
713
572
286
998
680
929
670
894
569
316
886
880
1001
805
459
229
969
795
844
463
650
47
452
595
514
128
284
205
241
851
78
639
349
255
282
858
317
27
242
897
373
36
994
858
87
222
382
758
21
508
248
825
293
699
42
725
618
663
401
798
393
836
371
146
641
561
892
11
256
573
210
615
655
888
885
168
619
223
119
372
885
340
208
676
738
231
744
557
569
369
74
613
655
635
373
639
723
934
365
345
347
539
116
796
181
176
173
466
453
270
129
248
383
687
937
301
99
388
407
930
939
973
552
74
700
195
779
593
714
985
552
253
504
558
951
863
513
510
930
547
84
846
282
150
848
975
840
601
853
170
652
531
309
299
105
533
361
323
256
784
839
417
522
215
101
392
227
489
873
715
212
912
850
168
171
216
617
193
701
304
196
91
469
533
982
32
764
382
814
873
477
280
456
9
628
777
181
431
999
248
905
640
298
989
101
864
827
539
319
562
669
633
757
572
192
855
197
973
650
963
596
550
308
499
675
226
750
325
851
629
742
272
85
746
837
40
788
761
579
477
126
639
703
68
330
403
635
992
496
671
373
513
219
42
715
79
319
624
467
983
804
976
778
410
987
623
504
930
112
332
524
888
135
230
419
50
10
13
570
862
546
52
793
632
640
431
788
334
693
996
637
887
898
243
417
75
772
926
400
902
658
217
801
882
587
488
889
708
936
648
799
472
903
258
447
856
26
54
725
245
314
289
939
43
350
1001
824
549
922
547
608
770
205
105
855
152
394
603
645
55
5
768
650
620
376
99
273
829
924
896
697
592
399
662
590
583
97
685
877
95
281
544
724
22
35
79
143
223
946
954
791
174
765
55
3
502
668
642
218
901
307
468
313
987
680
557
192
126
300
352
709
934
819
433
645
758
935
413
642
615
820
721
261
207
62
180
569
307
687
436
975
720
896
439
470
295
309
229
123
4
641
673
114
55
305
356
998
88
380
869
546
637
276
158
101
602
537
636
178
902
741
466
603
505
136
209
922
389
320
320
31
764
530
385
891
382
922
868
844
795
42
561
720
699
670
126
443
727
931
716
69
437
514
861
622
884
34
824
797
922
445
915
981
878
978
624
662
185
542
849
799
676
895
441
70
544
82
252
491
846
560
66
526
53
332
988
365
927
354
551
60
919
105
450
996
704
749
49
750
991
727
600
951
982
621
227
839
103
232
38
985
741
129
529
318
222
68
893
801
574
593
920
133
242
168
959
973
544
850
413
387
157
11
827
56
378
99
753
728
110
738
0
267
145
865
909
112
289
870
114
866
43
200
948
99
928
167
87
185
380
454
665
438
651
191
584
389
423
844
666
395
306
959
474
590
794
389
579
938
629
563
566
153
596
922
991
932
326
858
588
881
463
107
336
862
625
961
40
938
146
501
636
93
389
857
24
552
913
554
141
757
104
728
545
256
181
306
437
401
381
462
331
112
861
28
784
790
478
328
928
982
819
610
75
677
245
320
51
412
881
388
671
504
930
399
203
393
978
263
862
163
90
742
372
402
567
902
7
896
403
277
568
966
993
43
366
880
296
375
162
197
602
890
288
694
229
336
742
133
739
471
519
127
895
402
264
238
568
29
558
390
974
508
279
729
265
918
610
417
142
76
105
231
382
535
600
657
832
745
681
343
551
737
134
965
125
662
752
67
95
453
724
389
293
660
936
755
457
974
52
837
476
164
938
345
417
107
399
418
167
883
712
655
766
853
661
558
416
732
258
696
221
815
423
199
389
198
971
676
216
944
690
817
534
174
550
642
350
704
577
360
461
119
427
726
22
440
499
36
182
577
475
840
743
849
654
165
91
907
416
575
151
875
980
100
231
60
554
11
841
0
861
640
730
514
671
802
547
904
916
570
115
216
756
853
621
648
480
267
58
790
701
734
832
936
509
620
393
947
970
72
464
746
244
34
301
824
844
886
226
629
542
724
272
601
226
248
65
151
400
418
177
887
122
140
769
191
958
457
426
74
798
514
487
931
320
882
652
328
751
95
300
523
200
989
165
933
15
635
86
240
443
217
190
379
136
60
364
632
616
179
786
537
491
613
799
682
984
664
57
290
899
661
266
420
576
191
267
850
447
513
681
879
25
597
752
803
187
197
321
380
818
568
256
533
691
470
398
410
399
719
32
732
266
115
335
37
673
304
970
997
219
856
470
860
289
424
958
258
384
346
972
109
155
68
702
491
277
629
363
676
563
807
659
928
472
762
553
882
399
792
929
808
77
227
339
310
858
317
805
734
596
225
798
120
499
411
368
221
255
521
247
511
779
329
463
785
571
980
476
724
779
59
655
938
9
207
157
62
211
428
46
738
389
704
493
172
58
575
912
299
311
818
369
943
458
149
384
37
958
483
786
339
641
507
958
765
258
567
909
223
411
180
913
542
322
896
748
207
362
144
32
448
581
349
469
281
97
106
330
250
604
813
317
585
874
633
45
818
863
94
804
234
403
196
727
54
606
913
237
192
658
184
472
764
86
707
538
476
783
962
234
586
174
27
624
308
277
350
874
369
863
521
604
48
539
290
349
806
599
585
268
673
211
483
807
685
173
123
790
667
433
583
463
42
10
905
542
296
258
739
50
567
771
383
918
971
996
54
305
549
806
508
391
253
959
936
273
608
72
45
665
103
303
922
865
920
720
787
971
340
900
387
764
259
484
724
443
764
976
876
162
96
258
809
952
3
184
99
530
346
145
30
230
767
970
72
10
176
8
67
665
888
451
408
430
104
623
473
982
675
975
275
176
696
385
534
759
908
767
920
652
539
324
215
583
337
197
511
31
323
541
660
925
42
418
600
626
64
38
562
766
919
817
868
581
314
33
335
746
374
787
890
953
203
245
176
980
237
136
742
851
941
602
404
310
79
356
464
389
578
465
872
926
200
514
700
548
959
334
710
77
543
259
919
392
84
10
644
999
887
719
155
115
758
172
213
324
290
888
802
187
442
228
984
394
945
195
443
893
841
230
741
31
377
541
933
437
402
450
494
169
366
949
845
124
33
511
294
987
251
408
573
476
839
297
277
183
485
978
825
699
866
196
856
757
536
850
897
387
574
804
737
472
189
378
66
785
707
49
236
442
488
29
947
394
950
606
820
434
523
637
612
694
387
755
159
994
733
642
875
519
519
733
189
873
772
713
725
271
430
375
208
970
138
406
654
462
658
184
998
948
246
78
798
222
787
896
748
354
493
193
256
282
353
502
504
433
68
303
144
183
257
102
353
962
328
501
16
428
454
883
500
692
707
411
23
550
610
591
530
38
686
958
394
802
414
965
149
238
398
991
847
374
968
975
503
586
576
336
967
939
338
465
913
392
803
959
861
74
10
757
237
474
846
173
276
788
777
744
913
25
105
704
597
977
107
676
925
971
95
360
329
38
225
940
130
884
606
728
43
342
837
396
465
59
333
631
204
834
696
792
546
560
541
441
695
605
222
266
648
700
173
432
766
991
823
455
712
173
54
984
397
388
387
587
285
235
135
737
304
321
732
883
347
974
803
978
398
756
994
30
972
851
606
864
637
153
128
355
721
387
92
821
711
256
808
914
870
47
547
276
254
40
727
98
945
5
448
959
855
885
643
746
852
964
652
731
399
905
932
645
862
827
862
821
571
531
248
998
513
575
272
250
812
359
17
475
11
417
203
839
838
609
856
612
436
246
394
910
396
442
632
932
44
780
9
829
417
194
243
841
424
119
917
335
453
940
201
684
619
881
10
678
705
736
759
576
964
56
514
966
916
914
96
628
509
274
346
669
310
568
669
516
751
716
811
989
587
589
279
38
342
294
432
129
742
350
108
848
691
708
829
114
883
76
677
167
581
173
9
981
854
208
982
65
470
996
153
83
37
807
96
828
375
785
503
193
875
310
263
332
136
907
879
602
997
427
966
626
336
827
969
3
531
636
543
759
891
694
931
363
433
475
369
292
190
143
449
907
826
801
712
204
681
720
774
247
885
413
449
610
360
354
625
682
853
704
866
646
932
423
898
671
406
472
94
890
787
19
914
809
514
193
910
344
610
249
656
590
109
792
506
257
488
970
478
222
858
109
294
759
783
55
773
400
65
658
642
832
327
884
687
756
30
79
538
463
690
229
541
194
908
28
904
762
820
253
368
225
613
844
704
526
490
460
116
314
356
471
60
100
522
617
352
499
26
206
715
507
788
627
670
426
305
786
154
464
372
943
252
194
844
829
573
791
755
293
558
834
6
664
769
662
816
681
501
842
474
242
828
343
333
538
474
152
119
576
745
803
906
714
853
302
259
163
135
980
714
799
974
128
522
169
410
45
779
473
310
705
645
850
589
746
434
956
457
598
538
92
694
193
399
147
700
279
566
541
433
324
423
278
615
964
803
692
290
895
614
942
884
735
877
285
481
47
113
145
797
349
321
47
328
976
466
824
839
480
433
199
700
290
266
254
769
53
640
942
637
670
288
712
410
612
583
496
412
225
95
726
262
778
443
571
818
663
548
1001
597
359
847
629
615
853
219
430
933
700
336
305
405
163
834
368
743
691
659
10
378
707
576
593
510
681
222
182
643
422
170
281
403
428
496
752
75
509
106
445
662
357
604
209
554
335
216
735
108
978
466
888
347
405
970
938
163
325
3
765
379
960
900
276
708
44
58
537
873
715
369
639
391
325
304
771
853
232
500
326
963
906
432
525
455
604
689
819
387
825
323
947
709
466
31
196
58
936
111
113
489
606
794
230
862
690
122
683
380
938
297
309
244
829
131
215
274
485
162
503
281
369
196
387
320
399
716
169
795
70
254
251
767
722
405
255
403
304
760
472
392
843
573
871
729
543
460
745
843
322
848
220
470
669
708
682
323
7
787
855
778
49
401
268
9
145
80
533
557
231
577
395
433
96
215
548
53
326
432
231
231
596
887
494
335
775
869
969
773
178
990
307
500
443
863
787
914
481
45
964
148
436
698
291
681
134
619
739
439
950
473
507
957
257
365
355
419
585
606
914
169
692
131
890
234
875
616
267
706
217
323
143
739
879
541
689
288
173
451
192
103
779
472
468
599
872
890
419
307
277
230
110
139
871
319
899
370
38
693
138
743
640
131
852
465
43
543
269
26
438
308
25
741
457
423
309
976
920
609
501
614
518
874
905
817
745
388
864
941
946
974
104
726
198
821
2
983
362
653
805
479
514
617
427
110
14
159
983
568
896
144
271
735
792
107
886
816
328
430
194
178
184
16
190
829
189
795
535
989
952
841
376
680
262
354
459
106
682
500
641
923
216
178
395
306
977
741
536
880
144
917
610
446
978
612
837
502
214
458
235
173
839
74
343
20
47
80
483
3
523
506
762
643
225
954
328
728
694
604
638
161
978
894
307
163
276
766
112
404
114
226
277
635
697
637
514
455
657
19
581
313
920
599
312
4
594
629
926
51
486
766
946
200
165
270
414
818
175
542
445
837
574
921
256
976
362
876
759
397
650
24
950
798
848
879
854
153
394
956
459
337
381
527
466
625
444
222
472
19
662
188
958
199
176
656
81
587
85
181
188
607
478
904
779
215
444
622
454
289
371
992
991
259
972
67
377
294
500
588
524
274
27
917
4
411
836
702
517
506
590
90
749
530
24
689
795
843
35
76
275
237
844
648
752
871
718
784
977
824
950
142
180
192
604
565
769
47
271
784
112
796
923
845
718
659
270
157
881
734
467
744
647
998
627
366
777
304
32
684
962
366
223
66
640
473
502
836
275
952
37
949
272
216
498
660
367
514
878
154
145
638
408
155
955
673
784
206
897
23
404
838
302
558
807
895
691
113
190
127
830
706
556
697
795
152
123
343
553
168
936
905
756
936
15
911
243
676
788
882
444
631
629
640
312
216
828
330
844
379
934
94
126
568
720
20
953
267
694
508
46
160
504
539
479
978
987
682
976
558
873
499
483
293
640
22
850
996
857
270
960
689
391
798
85
421
379
298
890
500
158
793
854
85
397
560
956
829
945
529
711
69
3
179
577
713
526
666
943
951
615
510
447
581
984
679
893
514
797
405
715
82
861
834
644
887
29
751
383
470
201
993
252
42
273
232
154
784
964
752
60
63
995
238
815
755
497
322
739
744
353
990
0
698
63
640
490
673
483
833
740
740
313
936
652
705
996
875
393
242
29
485
549
846
821
558
60
433
198
660
750
634
124
596
251
354
843
884
22
745
723
512
346
721
424
912
952
637
897
301
619
525
538
792
673
931
643
62
816
182
768
717
316
713
350
856
616
133
52
610
326
465
246
874
912
277
450
598
905
322
793
934
552
620
465
849
478
541
110
705
712
764
248
399
301
202
76
573
971
673
253
813
428
324
862
841
877
464
9
248
992
361
531
874
389
993
551
506
919
197
187
645
874
31
5 9 9 3
611 977 212 904 554 913 137 662 76
948 759 343 271 404 369 477 647 -62
750 911 67 130 630 909 912 992 521
-71 75 898 -58 265 419 410 522 -57
586 558 912 167 -36 198 656 930 516
433 504 36 678 500 63 997 67 20
172 506 826 634 -55 715 -59 917 507
-79 694 618 796 -35 339 511 150 171
616 138 586 668 -26 370 877 317 530
642 797 -19 116 -51 505 777 938 949
633 587 740 -92 349 841 307 629 4
248 87 228 601 639 418 184 243 378
746 816 677 509 717 773 76 769 619
950 226 209 30 841 397 660 194 975
188 662 -3 551 715 544 -76 118 64
133 537 52 792 1 33 602 948 325
539 545 487 70 43 -3 140 80 892
911 852 769 887 789 733 643 1001 181
869 23 98 214 162 957 611 124 -35
910 950 13 155 69 242 -2 429 324
298 204 488 75 77 594 636 99 671
710 79 307 737 926 726 437 701 879
237 9 95 286 732 442 83 397 993
-68 203 91 771 48 -56 -3 925 307
658 285 125 910 135 158 272 737 509
878 164 78 939 650 810 8 603 66
508 997 96 367 564 295 104 118 -69
776 775 443 -85 360 624 314 314 726
552 280 430 -96 -19 369 874 603 584
261 359 486 740 393 990 17 990 589
317 10 662 211 712 426 -43 734 268
897 752 412 121 724 105 682 398 938
405 959 861 294 10 404 74 551 691
414 780 -55 939 485 67 492 -79 514
873 141 967 653 704 293 57 599 715
467 -45 264 720 697 961 232 753 883
313 369 152 838 53 359 846 805 120
98 784 880 752 733 441 512 757 803
169 897 342 23 912 144 276 957 807
343 866 516 911 329 844 28 674 719
418 609 115 419 66 321 505 352 87
462 246 -100 235 -64 564 37 515 801
324 214 3 120 94 590 68 105 65
741 193 461 93 212 880 578 116 -69
637 156 -96 44 207 795 909 936 294
221 409 96 287 313 133 390 -63 817
319 629 962 -5 614 169 203 1001 134
655 485 2 384 903 847 -25 895 -49
317 439 745 117 915 762 255 657 411
64 764 200 488 493 920 835 339 328
175 462 235 867 800 827 452 760 493
78 472 244 342 522 429 665 103 128
-87 445 866 998 622 749 35 855 786
265 631 684 566 102 805 608 70 785
929 764 164 830 -47 971 569 209 -63
711 67 819 852 133 900 -85 747 700
614 484 -16 368 670 629 242 42 562
160 828 978 639 466 155 645 235 943
470 718 716 720 378 496 124 813 84
269 534 965 -3 -6 43 617 -57 792
-45 443 891 716 948 537 837 295 245
447 49 504 587 -85 10 965 989 216
308 437 158 494 749 55 755 343 596
-58 362 854 315 547 623 450 95 318
539 159 948 -14 253 138 918 959 -71
28 547 849 114 186 49 722 935 595
808 -52 492 228 597 346 605 -10 -75
518 -91 713 734 923 30 903 942 134
611 393 242 -73 929 55 616 762 79
198 325 -75 -96 859 86 431 477 188
178 995 936 792 187 130 739 764 200
510 991 260 409 347 188 762 588 607
132 621 765 715 242 898 926 598 655
639 160 35 459 501 -27 888 341 887
906 334 854 752 482 159 703 -101 216
481 337 253 748 197 257 456 796 597
977 975 259 813 99 685 571 535 666
323 111 792 321 15 837 -74 257 944
881 746 217 131 747 -68 707 892 693
870 397 970 178 72 733 118 294 883
258 968 32 251 651 867 -58 431 913
318 788 672 754 611 769 120 1001 271
265 998 599 547 78 363 428 487 818
614 10 -41 -58 944 594 403 11 297
163 40 420 326 -41 -13 438 186 308
48 200 70 419 767 401 6 556 560
374 210 988 106 298 833 393 248 374
899 55 601 272 788 436 337 436 418
709 228 849 547 806 880 622 749 673
331 692 83 261 338 358 358 439 266
164 394 897 127 146 178 964 840 534
123 232 436 432 142 -9 102 795 818
189 898 382 161 993 197 166 908 652
723 -89 697 261 870 -14 173 46 4
899 -15 790 629 691 624 248 922 199
795 949 45 807 544 300 263 628 437
-65 169 826 12 902 680 487 850 812
13 847 723 438 199 936 634 960 435
-44 946 675 477 645 -62 750 -42 -86
464 330 -47 841 218 -70 58 851 261
150 -31 1001 352 203 605 281 115 -21
635 112 868 718 557 338 59 827 952
727 244 761 575 63 907 939 267 732
61 417 837 -16 55 696 798 749 -99
-69 -57 768 706 330 522 405 590 -20
587 572 92 847 487 690 502 -29 702
117 461 674 14 198 470 -77 191 80
782 8 46 292 769 424 719 491 102
49 967 35 180 608 38 -75 561 331
215 597 695 418 -52 802 994 207 895
233 184 923 199 507 236 779 582 246
80 346 346 183 21 -17 -94 864 69
603 869 373 843 584 517 816 961 245
358 -83 524 760 493 191 951 440 967
940 728 681 212 729 786 135 853 817
987 364 682 359 769 164 57 941 -95
684 356 -89 147 372 644 248 581 716
216 -73 562 578 66 -46 538 391 228
594 53 837 559 899 520 166 703 349
554 106 234 419 -57 -85 633 -82 229
128 488 660 537 808 803 732 310 -82
566 582 360 563 594 -63 119 703 158
385 111 215 49 534 403 506 71 729
210 748 563 411 982 308 62 57 58
916 598 -81 214 178 337 7 984 545
345 357 980 200 297 679 697 371 404
453 224 -32 409 934 644 619 400 42
240 935 645 -68 362 13 223 766 543
623 671 797 689 852 529 505 609 945
123 221 533 743 116 38 968 1 81
75 76 576 615 831 878 153 863 824
256 991 909 818 611 -90 689 79 802
339 -87 807 977 162 -67 -60 -76 230
732 458 463 425 50 436 76 526 608
444 -32 653 -36 974 598 772 816 723
